Age,Income,Outage_sec_perweek,Contacts,Yearly_equip_failure,Tenure,Bandwidth_GB_Year,Age,Gender_Male,Gender_Nonbinary,Area_Suburban,Area_Urban,InternetService_Fiber Optic,InternetService_None,Phone_Yes,OnlineSecurity_Yes,DeviceProtection_Yes,StreamingMovies_Yes,OnlineBackup_Yes
57,15059.8,13.68702,2,0,55.90619,5299.821269,57,0,0,0,0,1,0,1,0,0,1,1
55,16337.64,2.292587755,0,0,1.849371568,1088.89675,55,1,0,1,0,0,0,1,1,0,1,1
53,26669.32,13.75076,2,1,52.55673,5059.402086,53,1,0,1,0,0,0,1,0,1,0,1
24,18934.36,11.82086,0,1,61.77794,6305.881041,24,0,0,0,1,0,0,1,1,0,1,1
77,111143.1,14.58033,1,1,5.140738,904.5618908,77,1,0,1,0,1,0,0,0,0,1,0
22,44313.68,7.552868,3,0,7.131841,1741.054382,22,1,0,0,0,0,0,1,1,0,1,0
20,34759.58,6.229531,2,0,38.84886,3810.881389,20,0,0,0,0,0,0,0,0,1,0,0
44,26141.69,9.128373,1,1,71.1184,6377.657916,44,1,0,0,1,1,0,1,0,0,1,0
44,27249.39,7.387913,0,0,3.80496,831.3552738,44,1,0,1,0,1,0,1,0,0,1,0
88,46016.66,11.94654,2,0,71.46108,6391.040605,88,1,0,0,1,0,1,1,1,1,1,0
76,45553.16,14.4386161,3,0,9.043575718,1587.044822,76,1,0,0,1,0,0,1,0,1,1,0
27,44064.71,6.471033904,1,1,9.343807204,1241.311162,27,0,0,1,0,0,1,1,0,1,1,1
82,12145.15,14.86921,1,1,54.22687,4942.653192,82,0,0,0,0,1,0,1,1,0,1,0
59,25519.91,12.8219418,1,1,23.00764441,2464.577489,59,0,1,0,1,1,0,1,0,0,1,0
32,55523.0,10.21011328,3,0,3.868738215,686.8335296,32,0,0,0,0,1,0,1,0,0,1,1
76,52888.07,9.237924,0,1,71.96367,5953.601251,76,0,0,0,0,0,1,1,0,1,0,0
80,98120.0,14.72704,0,0,60.5411,5682.484574,80,1,0,0,1,0,0,0,1,0,1,1
83,31299.73,14.61583,2,0,15.07508,1279.70353,83,0,0,1,0,1,0,1,0,1,0,0
32,8641.78,7.491292,1,0,4.023413,1225.408596,32,0,0,0,1,0,0,1,0,0,0,1
54,18231.63,8.907996,0,1,11.19005,1380.517356,54,0,0,0,0,0,1,1,1,0,1,0
18,50066.53,12.67826,0,1,45.22375,4048.902387,18,1,0,1,0,1,0,1,0,0,0,0
51,40288.03,9.022192,1,0,50.60484,4507.158562,51,0,0,0,1,1,0,1,1,0,1,0
60,38135.76,8.071539004,1,0,7.195646567,831.4033785,60,1,0,0,1,0,1,1,0,0,0,1
42,18944.96,11.64528,2,1,6.183692,981.2775952,42,1,0,0,1,1,0,1,0,1,0,1
60,47386.97,6.537862,1,0,54.28949,5218.998099,60,1,0,0,0,0,0,1,1,0,0,0
22,15137.93,13.156514,0,0,8.798394712,1412.736809,22,0,0,0,0,1,0,1,1,0,1,0
32,46946.66,11.74543,1,0,40.50993,4213.964063,32,0,0,0,0,0,0,1,1,0,0,1
21,13802.12,13.65545074,1,1,6.109999694,1060.779533,21,1,0,0,0,1,0,1,0,0,1,1
57,7163.05,11.89701,1,1,62.68234,6182.792584,57,1,0,0,0,0,0,0,1,1,1,1
29,34372.77,12.2067,0,1,62.16781,6126.605256,29,0,0,1,0,1,0,1,1,1,1,1
63,34580.07,14.8692,1,0,65.50686,6298.280809,63,0,0,0,1,0,0,1,0,0,1,0
48,37586.34,11.65895,1,0,54.67054,4647.66648,48,0,0,0,1,1,0,0,0,0,0,1
70,16662.12,7.201032,1,0,4.338536,1230.940963,70,1,0,0,1,0,0,1,0,0,0,1
30,77120.37,8.284128,0,0,59.79789,5298.561299,30,1,0,0,1,0,1,1,0,1,0,1
18,30686.01,7.070032,2,0,66.02069,6108.607607,18,1,0,1,0,0,0,1,0,0,0,0
70,25666.63,7.008718,0,0,67.70405,6348.304776,70,0,0,1,0,0,0,1,0,0,1,0
57,44819.67,14.67669,1,1,4.582941,921.6285886,57,1,0,0,1,1,0,1,1,1,0,1
89,46337.92,8.97713,1,0,65.84526,6192.473684,89,0,0,0,1,0,0,1,1,1,0,1
41,67940.02,12.26691686,0,0,18.95221637,1839.699549,41,0,0,0,1,0,1,1,0,0,0,0
57,60251.75,13.65070244,2,0,1.550579619,771.5712211,57,1,0,0,1,0,1,1,1,0,1,0
79,12434.17,8.820682,0,0,47.40865,4467.334158,79,1,0,0,1,0,1,1,1,0,1,0
49,67763.0,7.333924,1,0,68.04429,5972.690077,49,1,0,1,0,0,1,1,0,0,0,1
49,39968.02,11.86197,0,0,4.213099,839.1770355,49,1,0,1,0,0,1,0,0,0,0,1
49,20849.37,10.8566,0,0,68.76541,6284.835432,49,1,0,0,1,1,0,1,1,0,1,0
60,115783.2,11.06748,1,0,44.9964,4363.955591,60,1,0,1,0,1,0,1,0,1,1,1
46,27270.24,10.91065,1,0,71.66705,6715.662535,46,0,0,0,0,0,0,1,1,0,1,1
37,12851.22,9.503889638,0,0,3.550421402,726.6441549,37,1,0,1,0,1,0,1,0,0,1,1
49,39225.15,9.296558028,2,0,6.525380768,703.8007764,49,0,0,0,0,1,0,0,0,0,0,1
58,16271.47,8.690721,0,2,68.75872,5695.648337,58,0,0,1,0,1,0,1,0,0,0,0
75,61084.32,10.68339,0,0,64.37387,5700.531807,75,1,0,0,1,1,0,1,1,0,1,0
66,7266.18,12.87836,1,1,66.42151,5977.806518,66,1,0,1,0,1,0,1,1,1,0,0
21,66357.52,16.09553,0,0,2.458795,1076.991137,21,1,0,0,1,0,0,1,0,0,0,1
62,50627.61,10.70655,0,1,47.23415,4841.832156,62,1,0,0,0,0,1,1,1,1,1,1
35,21302.74,9.867501,1,0,11.90634,1495.042007,35,1,0,1,0,0,1,1,0,0,0,1
77,12912.29,13.22789,0,1,42.82102,3862.289881,77,1,0,1,0,0,1,1,1,0,0,1
72,13583.35,8.124261532,3,0,4.216732972,1107.882056,72,1,0,0,0,0,0,1,0,1,1,1
29,16367.17,6.006898,0,1,18.2156,2710.705946,29,1,0,0,0,0,0,1,0,1,0,1
31,50643.95,9.179212931,1,2,18.76976086,2329.912456,31,0,0,0,0,0,0,1,0,0,0,1
43,5192.16,7.423384386,0,0,9.709171662,921.1401066,43,0,0,1,0,1,0,1,0,0,0,0
21,54727.46,13.17156155,1,1,9.16272705,1233.975771,21,0,0,1,0,1,0,1,0,0,0,1
67,7041.99,12.67518,2,0,4.351173,1037.103018,67,0,0,0,0,0,0,1,1,0,1,0
18,72397.73,12.39937,3,0,66.80646,6174.314028,18,0,0,1,0,0,0,1,0,0,0,1
63,51251.22,10.41256,1,0,22.37984,2146.833629,63,0,0,1,0,1,0,1,0,0,0,0
22,56527.93,10.89454,1,0,14.12424,1727.365848,22,1,0,0,0,0,1,1,0,1,1,1
62,4803.08,14.33897,0,1,6.029814,1273.860067,62,0,0,0,1,0,0,0,0,1,0,1
24,25042.36,4.190636,1,0,71.7248,6243.997319,24,0,0,0,0,1,0,0,0,1,0,1
48,31777.28,5.042263,0,0,16.31066,2255.21511,48,0,0,0,1,0,0,1,0,1,1,1
70,70716.07,6.554147,0,0,13.99745,1741.511236,70,0,0,0,1,0,0,1,0,1,0,1
35,12182.47,11.29008,3,0,67.86102,6485.945142,35,0,0,0,0,0,0,1,0,1,0,1
24,2781.14,13.17201,0,1,5.682535,942.7449518,24,0,0,0,1,1,0,1,1,1,1,0
48,26695.46,19.07180624,1,0,2.084396413,1304.999684,48,1,0,0,0,0,0,1,0,1,1,1
85,18273.34,10.19528,1,0,65.73734,5881.848209,85,1,0,0,0,1,0,1,1,0,1,0
44,63843.19,10.34966,1,0,67.98776,6207.251325,44,0,0,0,0,0,1,1,0,1,0,1
59,18670.89,7.154983,1,0,20.22924,2166.207365,59,0,0,0,1,0,0,1,0,0,0,1
40,57182.71,10.54632,0,0,1.302103,511.2155972,40,1,0,0,1,1,0,1,1,1,0,0
74,30213.21,7.913408,0,1,2.407697,270.9293518,74,0,1,1,0,1,0,1,0,0,0,0
35,114401.9,7.455787,1,0,15.12559,2229.929037,35,1,0,0,0,0,0,1,1,1,0,1
35,51630.69,10.61307,0,2,70.46581,6535.516989,35,1,0,0,0,1,0,1,0,1,1,0
59,35226.26,9.577623408,0,0,12.57273206,1348.141984,59,0,0,0,0,1,0,1,0,1,1,0
46,28900.31,13.56912,1,1,11.40214,1326.326983,46,1,0,0,1,1,0,1,1,0,0,0
18,35876.21,9.212993,2,0,56.47233,5001.371216,18,1,0,1,0,1,0,1,0,0,0,0
62,45860.11,10.01552859,0,0,15.90065569,1729.48154,62,1,0,1,0,1,0,0,0,0,0,1
44,23703.95,6.159072244,1,0,3.060553536,644.1045211,44,0,0,1,0,0,1,1,1,0,0,0
44,37078.58,12.77867,1,1,62.1578,5467.127682,44,1,0,0,1,1,0,1,0,1,0,0
89,28248.49,12.71852,1,1,71.12545,5934.963982,89,1,0,0,0,0,1,1,0,1,0,0
66,79746.71,11.86458,2,1,67.86091,5809.89619,66,0,0,0,1,1,0,1,0,1,1,0
30,53853.79,10.06689273,0,1,2.181372893,1015.71304,30,1,0,0,1,1,0,1,0,1,1,1
32,64864.98,14.22832,1,0,51.67412,4641.841664,32,1,0,0,0,0,1,1,1,0,0,0
19,32097.17,13.62135046,1,1,3.892407013,741.7766988,19,0,0,1,0,1,0,1,0,0,1,1
34,49393.59,6.26674205,1,0,3.160392389,1099.763014,34,0,0,0,0,0,0,1,0,1,0,1
87,32134.66,9.85498,0,0,41.93,3621.670599,87,0,0,0,1,0,1,0,0,1,0,0
33,6421.76,4.299047,1,0,65.01825,6088.936104,33,1,0,0,0,1,0,1,1,1,1,0
49,25435.29,12.9775086,4,0,8.294910436,1048.128938,49,0,0,0,0,1,0,1,0,1,1,1
37,28902.72,9.046658,2,0,12.7637,1355.525049,37,0,0,1,0,1,0,1,0,1,0,1
51,47726.25,8.174495258,5,0,1.875430489,590.7765801,51,0,0,0,0,0,1,1,1,1,1,1
64,17204.03,12.67534,2,0,68.60299,6272.523927,64,0,0,0,0,0,0,1,0,0,0,0
26,10270.29,5.261171,0,1,2.80856,585.3561113,26,0,0,0,1,1,0,1,0,1,0,0
18,3401.06,11.05079611,0,2,4.607336316,766.7921091,18,0,0,0,0,1,0,1,0,0,1,1
28,9020.92,11.75472,1,0,63.35086,5857.586167,28,1,0,0,1,1,0,1,1,1,1,1
22,100257.6,13.51521,1,0,60.04717,5434.193829,22,1,0,0,0,1,0,1,0,0,1,0
46,32643.06,4.180656,0,0,13.61564,1492.297826,46,0,0,0,1,1,0,1,0,1,1,0
20,50637.64,10.97487,0,0,66.90749,6916.234923,20,0,0,0,1,0,0,1,0,1,1,0
58,2904.8,11.43549,0,1,26.54684,3238.304359,58,0,0,0,1,0,0,1,0,1,1,0
88,6742.39,10.33351,0,0,10.00949,1236.291583,88,1,0,1,0,0,1,1,0,1,0,1
83,40074.19,8.147416533,2,1,1.670971726,271.4934362,83,1,0,1,0,1,0,0,0,0,0,0
73,79117.6,11.14249,1,0,2.457741,709.6900125,73,1,0,0,1,0,0,1,0,0,0,0
87,65916.74,6.818286,0,0,60.96083,5454.520916,87,1,0,0,1,0,0,1,0,1,0,0
56,43492.61,12.53408,1,1,58.85409,5582.846082,56,1,0,1,0,0,0,0,0,0,1,1
31,42412.99,12.89898,0,0,52.79539,4615.447586,31,0,0,1,0,0,1,1,0,0,1,0
26,90583.52,5.539493,2,0,2.518069,921.6983239,26,1,0,1,0,0,1,1,1,0,1,0
58,58324.01,12.35356432,3,2,6.396338897,821.4684599,58,1,0,0,0,1,0,1,0,1,0,0
34,9441.99,11.11012751,3,1,2.086431077,922.2958319,34,0,0,0,1,0,0,1,0,0,0,1
69,79594.91,9.604892,1,0,47.43916,4526.335532,69,0,0,1,0,0,0,1,0,0,0,0
31,29981.69,8.006529,2,0,67.43143,5934.434665,31,0,0,0,1,1,0,1,0,0,0,1
65,62616.43,12.75213898,1,0,4.279464865,704.224884,65,1,0,0,0,0,1,1,0,0,0,0
84,8293.64,8.113794,1,0,66.99754,5659.937572,84,0,0,1,0,1,0,1,0,1,0,1
51,45245.92,6.605688237,3,0,6.811138598,946.1849643,51,0,0,0,1,1,0,1,1,0,0,1
62,17947.55,7.569971,0,0,7.667371,1345.843812,62,1,0,0,1,1,0,1,1,1,1,0
55,54981.51,15.09456492,0,1,1.156719701,358.4232611,55,0,0,1,0,0,1,1,0,0,1,1
48,67258.0,10.36244,1,0,11.18714,1235.76897,48,0,0,0,1,1,0,0,0,1,0,1
77,15843.72,8.773524,1,0,63.22009,5316.617176,77,1,0,0,1,1,0,1,1,0,0,0
61,38613.68,11.08536,1,0,58.77685,5210.637512,61,1,0,1,0,1,0,1,0,1,0,0
29,5798.65,12.04946,0,0,64.16746,5889.765255,29,0,0,0,0,1,0,0,1,0,1,0
78,102806.5,12.1474,0,0,68.37603,5744.210121,78,1,0,1,0,1,0,1,0,0,0,1
67,13773.86,9.876501,1,0,18.84228,1836.018288,67,1,0,1,0,1,0,1,1,0,1,0
88,55921.75,7.02401,1,0,58.75447,5739.806189,88,1,0,0,1,0,0,1,1,0,1,0
31,37103.18,12.57884215,3,1,7.992791229,1127.267848,31,0,0,1,0,0,1,1,0,1,0,0
25,37513.71,8.746045,1,0,69.22361,6353.540649,25,0,0,0,0,0,0,1,0,0,1,0
81,19645.07,10.94239,2,0,69.62503,5934.090437,81,1,0,1,0,0,1,1,0,0,0,0
33,22295.17,12.83245,0,0,45.91919,4149.794964,33,1,0,1,0,1,0,1,0,0,1,1
64,48413.98,13.47305526,0,0,11.32483244,1637.132389,64,0,0,0,0,0,0,1,0,0,1,1
39,119599.4,4.876124,2,0,38.92029,3747.78242,39,1,0,1,0,1,0,1,1,1,1,1
41,19300.49,7.597397,2,1,68.86592,6333.859497,41,1,0,1,0,0,0,1,0,0,0,1
42,30928.21,13.92957,3,0,4.557348,638.0977736,42,1,0,0,1,1,0,1,0,0,0,0
31,33208.17,6.931765,1,3,4.165508,1053.191872,31,0,0,1,0,1,0,1,0,0,1,1
29,82983.69,10.97278,0,0,60.99965,5544.621469,29,0,0,0,1,1,0,1,0,1,0,1
66,24165.59,7.739305,0,0,1.366478,634.6246024,66,1,0,0,1,1,0,1,1,0,1,0
89,13756.31,9.039378259,1,0,5.711646401,544.0000763,89,0,0,0,1,1,0,1,0,1,0,0
43,36113.68,10.72443,2,1,14.16299,1890.634177,43,0,0,0,1,0,1,1,1,1,1,1
62,47939.14,8.316257,2,1,70.87866,6198.053982,62,1,0,1,0,1,0,1,0,1,1,0
67,70174.11,8.702618087,0,0,11.74635394,1971.429689,67,0,0,0,1,0,0,1,1,0,1,0
30,58912.81,6.51399,1,1,17.76511,2000.801151,30,1,0,1,0,0,1,1,1,0,0,1
56,33347.57,11.61846,0,0,70.39354,6518.028513,56,0,0,0,1,0,0,1,0,0,1,1
45,26524.51,12.97926,1,1,67.26256,6536.760755,45,1,0,1,0,0,0,1,1,1,0,1
85,17080.57,10.32744663,0,1,6.253919786,1297.050577,85,0,0,0,1,0,0,1,1,1,1,1
22,10589.06,15.35408,0,1,52.27228,5608.519136,22,1,0,0,0,0,0,1,1,1,1,1
35,47364.6,11.77357,0,2,62.34755,5814.813682,35,1,0,1,0,1,0,1,0,1,1,0
77,26268.58,9.903990927,0,1,12.27728241,1828.057047,77,1,0,0,1,0,0,0,1,1,0,1
50,108409.6,8.9558,0,0,62.48639,5978.20414,50,0,0,0,0,0,0,1,1,1,1,1
43,22788.79,12.97048,0,0,5.73054,686.2974269,43,1,0,0,0,0,1,1,0,1,0,0
84,83714.17,13.31206,1,0,59.59391,5311.784514,84,1,0,0,1,0,1,1,1,0,1,1
80,22140.16,11.43541645,4,0,2.60003549,445.4856462,80,1,0,0,1,0,1,1,0,0,0,0
24,36091.7,12.18643,2,1,56.35343,4969.32191,24,0,0,1,0,1,0,1,1,0,0,0
39,63027.8,6.501013,0,0,5.337342,1090.927055,39,0,0,0,1,0,1,1,1,1,1,0
75,5979.39,9.303419,0,1,71.39672,6403.802048,75,0,0,0,1,0,0,1,0,0,0,0
86,43810.04,5.280207,0,0,27.44938,2573.594199,86,0,0,1,0,1,0,1,0,1,0,1
51,48969.64,9.289829,0,0,15.2198,1429.845787,51,0,0,0,0,1,0,1,0,0,1,0
19,5156.97,11.64392,2,0,58.15583,5974.298824,19,0,0,0,1,0,0,1,1,0,1,1
48,22316.64,9.84351,4,0,69.99165,6832.868436,48,1,0,1,0,0,0,1,1,0,1,0
76,59188.01,9.99135,1,3,65.09085,5506.82644,76,0,0,0,1,0,1,1,1,1,0,0
18,23570.06,5.750742,2,0,69.76544,6174.824996,18,1,0,0,1,0,1,1,0,1,1,0
63,73510.62,6.722093,2,1,71.19605,6126.890285,63,1,0,1,0,1,0,1,0,0,1,1
69,94363.97,10.64291697,1,2,7.882710227,1244.709018,69,0,0,0,1,0,0,1,0,0,1,0
57,27210.96,13.73836,0,1,45.91152,4522.635377,57,1,0,0,0,0,0,1,1,0,0,1
39,69555.01,3.093001,0,0,67.20074,6098.579126,39,0,0,1,0,0,0,1,1,0,0,0
85,25231.4,12.48017,1,0,3.657847,978.0906718,85,0,0,0,0,0,1,0,0,0,1,1
46,28733.56,11.57607855,0,1,5.396647294,765.7044853,46,1,0,0,1,0,1,1,0,0,0,0
81,58049.87,12.01958,0,0,1.835564,387.3140839,81,0,0,0,0,1,0,1,1,0,0,0
19,27134.99,11.3254,1,0,6.446693,1459.309498,19,1,0,0,0,0,0,1,0,1,0,0
61,134967.2,14.86993,1,0,59.1561,5548.443188,61,0,0,0,0,0,0,0,0,0,1,0
88,36315.29,7.287197615,3,0,1.586331702,676.1747964,88,0,0,1,0,0,0,1,0,0,0,0
87,35060.94,10.74985413,0,1,1.213704886,1189.549671,87,0,0,1,0,0,0,1,1,1,1,0
45,6313.21,11.40338,0,1,52.36613,5326.555997,45,1,0,1,0,0,0,1,1,0,1,0
79,75276.52,3.602721856,0,0,15.56741347,1972.725118,79,1,0,1,0,1,0,1,1,0,1,1
66,98836.2,9.443369,1,1,43.86959,4203.265113,66,0,0,1,0,1,0,1,0,1,1,0
56,93783.49,10.29519,2,0,48.25673,4103.479649,56,0,0,1,0,1,0,1,1,0,0,1
84,68822.79,3.866889,1,0,2.432366,688.0396207,84,0,0,0,0,0,0,1,1,1,0,0
18,13036.7,14.92629,1,1,61.13547,5380.823835,18,0,0,0,1,1,0,1,1,0,0,0
75,62145.59,16.10939031,2,1,9.517703088,1302.230824,75,0,0,0,1,1,0,1,1,0,1,0
34,18848.82,10.31104,0,1,48.03427,4300.642039,34,0,0,0,1,0,1,1,0,1,1,0
88,13135.95,10.64786,0,0,49.57035,4492.694472,88,0,0,0,1,1,0,1,0,0,1,0
72,26965.24,9.883011,3,0,3.656765,780.9545758,72,1,0,0,1,1,0,1,1,1,1,1
60,16416.66,4.069613,2,0,69.34472,6414.954544,60,1,0,0,0,1,0,1,1,0,1,1
19,57667.86,7.787263,0,1,11.64763,1814.120844,19,1,0,1,0,0,0,1,0,0,1,0
50,70043.78,2.104824,2,0,64.47686,6218.382624,50,0,0,1,0,0,0,1,0,1,1,0
43,68457.74,5.233119,1,1,52.62668,5156.532721,43,0,0,0,1,1,0,1,1,0,1,1
70,1509.52,12.92303286,0,0,2.378630018,648.7471776,70,1,0,0,1,1,0,1,0,1,1,1
20,79206.11,9.666671,0,2,70.49957,6565.889584,20,0,0,0,0,0,0,1,0,1,0,1
49,47512.7,10.18517,1,0,58.70772,5543.326997,49,0,0,0,0,0,0,1,0,0,0,1
78,52286.02,13.08501,1,0,66.2073,5943.037284,78,0,0,1,0,0,1,1,0,1,1,0
40,22622.48,14.93471,0,0,1.375567,840.8676674,40,1,0,0,0,1,0,1,1,1,1,0
55,51059.78,9.143203,1,0,52.3927,4761.278588,55,1,0,0,1,1,0,1,0,0,0,0
73,22773.12,7.184528,1,1,58.52603,5216.298758,73,1,0,0,0,1,0,1,1,1,1,1
34,11250.31,10.42511,1,0,1.393262,722.2139832,34,0,0,0,0,1,0,1,0,0,1,0
31,45148.38,15.66367593,1,0,7.832238337,943.3391244,31,1,0,0,0,1,0,1,0,1,0,0
76,9880.38,11.38673,2,1,64.77844,5863.301733,76,0,0,1,0,1,0,1,0,1,1,0
54,45577.26,7.754485939,2,0,8.205103396,1288.925148,54,1,0,0,1,1,0,1,1,1,1,1
32,10570.54,9.554385,1,0,68.9536,6406.812827,32,0,0,0,1,1,0,1,0,1,1,1
79,104558.0,13.8729,0,0,54.7248,4756.821939,79,0,0,0,1,0,1,0,0,1,1,0
58,24040.95,12.12826,0,0,71.7825,6111.281156,58,1,0,0,1,1,0,1,1,0,0,0
49,78129.73,5.21028807,0,0,12.75071284,1427.321538,49,0,0,1,0,1,0,1,0,1,0,0
86,26224.1,10.28547,1,1,4.24454,912.2540105,86,1,0,1,0,0,0,1,1,1,0,0
87,81130.95,10.76023,0,1,41.23951,3623.079115,87,1,0,1,0,0,1,1,0,0,0,0
45,21353.34,5.527812,0,1,65.80077,6236.509405,45,1,0,0,0,0,0,0,0,1,1,0
69,2353.03,9.951397,0,2,66.9099,5683.50493,69,0,0,0,0,1,0,1,0,0,0,0
63,28140.14,8.485886,4,0,58.10315,5398.317847,63,0,0,1,0,0,0,1,1,0,0,0
80,60866.81,9.527678,0,0,9.022068,997.2010554,80,0,0,0,0,1,0,1,0,0,1,1
58,14656.97,7.353482,0,0,10.36378,1471.541306,58,0,0,0,0,0,0,1,1,0,0,0
73,72477.17,13.65897,0,0,64.54829,6075.403261,73,1,0,0,0,0,0,1,0,1,0,1
23,35669.12,9.642833,1,1,69.02836,6658.685288,23,1,0,0,0,0,0,1,1,1,1,0
56,15621.76,10.75643368,1,0,2.08299524,951.3512058,56,0,0,1,0,0,0,1,1,1,0,0
43,49065.88,5.271292905,1,1,10.85865384,2081.752385,43,0,0,1,0,0,0,1,1,0,1,1
50,630.24,9.50503,0,0,6.025694,892.5309234,50,1,0,0,0,1,0,1,1,1,0,0
69,63433.58,6.542626,3,0,66.48285,5719.69414,69,1,0,0,1,1,0,1,0,0,0,0
68,25660.71,9.120844,0,0,53.48518,4999.929364,68,0,0,0,0,0,0,1,1,1,0,0
26,33554.09,9.504751,1,0,10.1408,1774.889088,26,1,0,1,0,0,0,1,0,1,1,1
70,10964.73,6.194985909,0,1,4.471254161,1007.425553,70,0,0,1,0,1,0,1,0,1,1,0
39,100585.1,11.01403,0,0,4.109741,1027.507457,39,0,1,0,1,0,0,1,0,1,0,0
46,12366.21,11.42897436,0,0,7.603357235,1003.664665,46,1,0,0,0,1,0,1,0,0,0,1
27,15249.68,8.532717,0,0,62.70697,5707.70468,27,0,0,0,1,0,0,1,0,1,0,0
39,73624.07,13.75454575,0,0,9.566169913,1344.903546,39,0,0,0,0,0,0,0,0,1,0,0
89,27155.66,16.4535,1,1,39.01296,3382.423508,89,1,0,0,1,1,0,1,1,0,0,0
75,17089.24,10.39432745,0,0,4.612099351,1479.639912,75,1,0,0,1,0,0,1,1,0,1,0
83,63881.41,10.8116,0,0,70.45268,6273.600277,83,0,0,0,0,0,0,1,1,0,0,1
58,126805.9,10.36212,0,0,56.97428,5052.181985,58,0,0,0,0,0,1,0,0,1,0,0
24,34593.77,10.10075,0,0,40.91782,3895.327082,24,1,0,0,1,0,1,1,0,0,1,0
42,105745.6,10.44765,0,0,47.3962,4235.297978,42,0,0,1,0,1,0,1,0,0,1,1
65,9626.88,9.902107,2,0,6.027061,761.3473324,65,0,0,0,0,1,0,1,0,1,1,0
38,32537.12,9.195188,0,0,69.55373,6253.491089,38,0,0,1,0,0,0,1,1,0,0,0
84,52506.62,8.832628,2,0,68.01321,6024.552428,84,0,0,1,0,0,1,1,1,0,1,0
30,9444.74,11.44018,1,1,65.66392,5888.414969,30,0,0,1,0,0,1,1,0,1,0,1
36,53473.62,8.033087,1,0,44.57688,4575.351511,36,1,0,0,0,0,0,1,0,0,1,0
50,25990.9,15.40713,1,0,10.88666,1129.578351,50,1,0,0,0,1,0,1,0,0,1,0
24,38136.49,11.94896,0,0,8.11277,1186.8504,24,0,0,0,1,0,1,1,1,0,0,1
64,7396.95,13.51253,2,0,9.075014,1158.054054,64,1,0,0,1,1,0,1,1,1,0,0
71,59983.38,9.493706,1,0,2.048055,763.5474617,71,1,0,0,1,1,0,1,1,1,1,0
42,94042.03,12.10338,2,0,67.94385,6182.78427,42,1,0,0,1,1,0,1,0,1,1,0
72,7451.22,11.70068,2,1,57.3854,5354.221755,72,0,0,0,1,0,0,1,0,0,1,1
37,57062.8,8.455302586,0,0,10.7468963,1885.164449,37,0,0,0,1,0,0,1,1,1,0,1
18,101000.3,11.26553266,0,1,14.58066686,2023.519366,18,1,0,0,0,0,0,1,0,0,0,0
58,146494.7,9.256391341,2,0,8.792119046,1216.325478,58,1,0,0,1,0,0,1,0,0,0,0
57,33823.17,13.93273371,1,1,3.644232332,933.2803403,57,0,1,0,0,1,0,1,1,0,1,0
55,45652.37,9.886088,0,2,5.14486,841.9569184,55,1,0,0,0,1,0,1,1,0,0,0
26,33846.23,8.106603381,2,0,2.456217972,995.4220744,26,0,0,0,1,1,0,1,0,0,1,1
84,71546.23,7.446688,1,0,48.29423,4697.742817,84,1,0,1,0,0,0,1,0,0,1,1
29,114851.2,5.888136,0,1,44.47594,4735.622867,29,0,0,0,1,0,0,1,1,1,1,1
74,18785.9,10.74516,2,1,53.15277,4873.126502,74,1,0,0,0,1,0,1,0,0,1,0
80,15963.97,12.1699,0,0,41.88907,3632.236502,80,0,0,0,0,1,0,1,1,0,0,1
85,8667.17,10.18947,1,0,65.91489,6020.902258,85,0,0,0,0,0,1,1,0,1,1,1
45,73691.96,5.537878,0,1,64.49478,5938.712727,45,1,0,0,0,1,0,0,0,0,1,0
57,79248.45,11.64092,2,0,52.56715,4886.937383,57,1,0,0,0,1,0,1,0,0,1,0
60,15148.5,8.296729,2,1,64.69309,5621.504803,60,1,0,0,0,1,0,1,0,1,1,0
59,50956.85,6.436661,1,1,63.95686,5461.972077,59,0,0,0,0,1,0,1,0,1,0,1
27,80318.07,5.577857,1,1,56.1122,5089.070944,27,1,0,0,1,1,0,1,0,1,0,0
87,14356.43,10.76499,0,2,58.79677,4696.276365,87,0,0,1,0,1,0,1,0,0,0,0
62,41031.65,10.84131,4,0,60.04495,5519.813683,62,0,0,1,0,1,0,1,0,0,1,1
80,42659.99,8.461081572,0,0,14.57312339,1329.158978,80,1,0,1,0,1,0,1,0,0,0,1
33,50601.07,10.05136169,0,0,11.34954445,1766.503802,33,1,0,1,0,0,0,1,1,1,0,1
55,13002.99,11.39269,1,0,5.602813,756.3419475,55,1,0,0,1,1,0,1,1,0,0,0
73,87527.27,11.90177,2,0,15.22417,1570.995815,73,1,0,0,1,0,1,1,0,1,1,0
50,9609.57,10.75280028,0,1,15.75414408,2054.706961,50,0,0,0,1,0,0,1,0,0,1,0
86,55836.3,10.29493,1,0,5.423869,1179.381802,86,1,0,0,0,0,0,1,0,0,0,1
37,25009.73,12.10369,1,0,5.88788,871.4588583,37,0,0,0,0,1,0,1,1,1,1,0
56,44499.17,11.21058,0,0,4.320048,1215.716688,56,0,0,1,0,0,0,1,0,1,1,1
31,6827.15,13.72064,0,2,5.458881,1238.891522,31,0,0,0,1,0,0,0,1,1,0,1
25,15959.11,5.730845,0,0,48.66437,4763.445879,25,0,1,1,0,0,0,1,0,0,1,1
37,17878.4,12.14678,0,0,7.571234,930.0652299,37,0,0,0,0,1,0,1,0,1,0,1
58,32710.04,6.272973,2,0,7.83307,1742.049983,58,1,0,0,0,0,0,1,1,0,1,0
38,11014.98,9.062879297,2,0,9.344886869,1403.270091,38,1,0,0,1,0,1,1,0,0,1,1
56,27285.93,9.460242,0,1,69.53069,6086.559502,56,0,0,0,0,1,0,1,0,1,1,0
43,45989.68,12.09619,0,1,16.56847,2528.759994,43,0,0,0,0,0,0,0,0,1,1,1
45,114051.7,6.807785,0,1,21.72968,2087.790899,45,1,0,1,0,0,1,1,1,0,0,0
71,24971.54,8.938447,2,0,49.26434,5168.61323,71,1,0,0,1,0,0,1,0,0,1,0
41,76658.88,7.975836,1,1,2.343134,625.8895244,41,1,0,1,0,1,0,1,0,0,0,1
73,18957.86,6.085329,0,2,70.16829,6317.989438,73,0,0,1,0,0,0,1,1,0,1,0
46,27655.18,5.415772,0,1,13.21355,1973.622689,46,1,0,1,0,0,0,1,0,0,0,0
35,115029.8,10.15194,0,1,36.05704,3729.770527,35,1,0,1,0,1,0,1,1,1,1,0
33,90633.74,11.15366,1,0,4.072959,1084.469104,33,1,0,1,0,1,0,1,0,0,1,0
48,67012.93,5.900461334,1,1,11.58317216,1199.466728,48,1,0,1,0,0,1,1,0,0,0,1
31,25692.2,6.696491,0,2,10.52104,2186.78593,31,1,0,0,0,0,0,1,0,0,1,0
36,24120.92,12.57727,2,0,69.97238,6854.114445,36,1,0,0,1,0,0,1,0,1,1,0
81,39464.48,7.685325,0,1,52.68582,4878.104493,81,0,0,0,0,0,1,1,0,1,1,1
80,51082.1,11.48824,0,0,6.62916,1292.497362,80,1,0,0,0,1,0,1,0,1,1,1
49,28065.13,11.31682,2,0,3.878694,409.0267699,49,0,0,0,1,1,0,1,0,0,0,0
86,40783.52,7.346236,1,1,3.151239,970.5121325,86,0,0,0,0,1,0,1,1,1,1,1
20,36004.39,3.644552,1,0,66.57411,5871.273948,20,1,0,1,0,0,1,1,1,0,0,0
85,33436.08,8.171958,1,0,62.39033,5349.364775,85,0,0,1,0,1,0,1,0,0,1,1
56,19011.49,9.795444,0,0,69.71587,5940.981382,56,0,0,0,1,0,1,1,1,1,0,0
48,28644.87,10.26124,1,0,50.56908,4926.848896,48,0,0,0,1,0,0,1,1,0,0,0
81,48226.58,6.164653674,0,0,4.803306414,857.7406243,81,1,0,1,0,1,0,0,0,0,1,0
77,94990.56,5.378491,1,0,7.660409,682.9150315,77,1,0,0,0,0,1,1,0,0,0,0
66,25397.44,16.84100845,1,0,9.847563364,1113.993679,66,0,0,1,0,1,0,1,1,0,1,1
50,15826.38,7.365589,1,0,11.16354,1326.083123,50,1,0,0,1,1,0,1,1,0,0,1
53,61082.05,10.7891,1,1,69.32718,6519.352992,53,1,0,0,0,0,0,1,0,0,0,1
33,82708.61,10.93098,0,1,2.628926,1058.58579,33,1,0,0,0,0,1,1,1,0,0,1
42,28725.65,9.553584,0,0,69.00321,6705.630348,42,0,0,1,0,1,0,1,1,1,1,1
57,5997.99,18.30369591,2,1,1.754385394,697.3086442,57,1,0,1,0,0,0,1,0,1,0,0
32,18213.56,9.020396,2,0,50.07627,4573.084997,32,1,0,0,1,1,0,0,0,1,0,1
38,47347.97,8.141997,3,2,5.429608,1186.544217,38,0,0,0,1,1,0,1,0,1,1,0
30,39034.91,16.34933,3,1,2.106961,561.8079362,30,1,0,0,1,1,0,1,0,1,0,0
48,18198.59,9.42799205,3,0,1.474810061,815.194738,48,1,0,1,0,1,0,1,0,1,1,0
74,31198.52,12.01473007,2,1,2.704950495,711.7404846,74,0,0,0,1,0,1,1,0,1,1,0
56,55492.69,7.42634,3,1,23.91177,2059.963787,56,0,0,0,0,1,0,1,0,0,0,1
22,30185.46,9.203049013,2,1,5.898536601,1743.932853,22,1,0,0,0,0,0,1,0,1,1,1
74,19659.9,6.115623,0,1,55.15571,4907.861735,74,0,0,0,1,0,1,1,0,1,0,1
19,38742.66,11.66628,2,0,2.840185,915.3457897,19,1,0,1,0,1,0,1,0,1,1,1
46,13862.09,12.55644716,1,0,5.970269701,966.6292325,46,1,0,0,0,1,0,1,0,0,0,0
48,22946.95,8.073099,1,1,54.74518,5546.494271,48,0,0,0,0,0,0,1,0,1,1,0
39,52189.94,12.84477246,3,0,13.84769517,2137.666732,39,1,0,0,0,0,0,1,1,1,1,1
66,27129.17,9.602868,3,1,50.43597,4503.081003,66,0,1,1,0,0,1,1,0,1,1,1
64,15719.1,8.301488,2,1,4.245048,946.9600501,64,0,0,0,1,0,0,1,0,0,1,0
23,32253.8,10.31167,1,0,5.706255,878.7758477,23,1,0,1,0,0,1,1,0,1,1,0
77,11113.69,12.8348374,0,1,9.417609509,976.910308,77,0,0,0,1,1,0,1,1,1,0,0
36,30967.78,8.86894,0,0,56.19888,5021.784914,36,1,0,1,0,1,0,1,0,0,1,0
64,41097.52,12.91854,5,0,70.40902,6404.998855,64,1,0,0,0,1,0,1,0,1,1,0
57,40281.89,12.31332,0,1,55.67304,5861.769044,57,0,0,0,0,0,0,1,1,0,1,1
31,2475.81,8.751864,2,1,46.77756,5088.789141,31,1,0,0,1,0,0,1,0,1,1,0
32,24499.96,11.30041277,0,0,1.276890621,848.3285479,32,0,0,0,0,0,0,0,0,1,1,0
60,18612.45,9.096632,0,0,51.8548,4301.135534,60,0,0,0,0,0,1,1,0,1,0,0
37,50998.43,8.259761,1,0,9.042296,1852.013833,37,1,0,0,1,0,0,1,0,0,0,1
69,34943.9,9.904571,3,0,69.25128,6271.997377,69,1,0,0,1,0,0,1,0,0,0,0
76,32125.5,16.15631,2,0,3.226415,510.6595626,76,1,0,0,0,1,0,1,0,0,1,1
39,38381.92,10.6514,0,0,61.91778,5672.644392,39,0,0,1,0,1,0,1,1,0,1,0
33,31417.33,12.0281501,0,0,9.473091121,1324.164906,33,1,0,1,0,1,0,1,0,1,0,0
19,34038.71,13.2491569,0,0,10.77929667,1806.007164,19,1,0,1,0,0,0,1,1,0,0,1
69,11211.59,5.540788887,1,0,3.471329958,1081.814362,69,1,0,0,1,1,0,1,1,1,1,0
82,51673.68,9.183616,0,1,22.14611,2113.691713,82,0,0,0,0,1,0,1,0,1,0,0
32,15841.19,6.942719201,1,1,19.75096265,2481.385603,32,1,0,1,0,0,0,1,0,1,0,1
60,19410.35,13.37836,2,0,10.48149,1679.924727,60,0,0,0,0,0,0,1,1,1,1,1
56,14960.01,15.67128,1,1,45.4868,4132.534649,56,0,0,1,0,1,0,1,0,1,1,0
25,43716.35,9.371011,0,0,64.01003,6068.222536,25,1,0,0,1,0,0,1,0,1,0,0
45,35021.59,8.217405,3,1,38.29305,3735.933485,45,1,0,0,1,1,0,1,0,1,0,1
63,17570.65,11.75305,0,0,2.353582,338.0121063,63,0,0,1,0,1,0,1,0,1,0,0
60,24024.91,11.84544,0,1,53.32394,4839.528738,60,0,0,1,0,0,0,1,0,0,0,1
54,32075.69,11.47946,0,0,19.50558,2077.919709,54,1,0,0,1,1,0,1,1,1,0,1
52,69425.74,8.718368,2,1,71.36862,6173.441338,52,1,0,0,1,0,1,1,1,1,0,1
30,43778.88,9.239469,2,0,57.49156,5284.148453,30,1,0,0,1,1,0,0,1,0,1,0
37,15054.79,11.97978,0,0,59.18664,5451.095048,37,0,0,1,0,0,1,1,1,0,1,0
41,43886.72,13.93891,1,0,5.325642,796.4508318,41,1,0,1,0,0,1,1,1,1,0,0
45,15818.64,11.9571,0,0,63.00356,5843.648096,45,1,0,0,0,0,0,1,1,0,0,1
32,52197.12,9.624162233,1,0,4.843533662,985.3722849,32,0,0,0,1,0,1,1,0,1,1,1
28,86463.61,8.068417,1,1,61.91437,5392.876359,28,0,0,0,0,1,0,1,0,0,1,0
50,54507.76,8.471092,0,1,19.69566,1876.809732,50,0,0,0,0,1,0,0,1,1,0,0
27,23515.27,9.602143,3,0,58.27269,5078.029461,27,0,0,0,1,1,0,1,1,1,0,0
75,54270.13,4.160642,1,0,13.10595,1424.90105,75,0,0,0,1,0,1,1,1,1,0,0
35,84147.24,10.91458,3,0,16.26349,1537.706248,35,0,0,0,1,1,0,1,1,1,0,0
85,28833.23,9.782177,0,0,65.16939,6395.153415,85,1,0,0,0,0,0,1,0,0,1,0
40,58142.74,11.84641,2,0,4.723073,660.1932315,40,0,0,0,0,1,0,1,0,1,1,0
86,67611.32,9.049913,2,0,53.75074,5232.068649,86,0,0,1,0,0,0,1,1,0,1,0
73,22536.48,8.420093797,0,0,22.71649048,2128.80443,73,0,0,0,0,1,0,1,1,0,0,0
49,65174.04,6.304058,2,1,46.55143,4616.261041,49,1,0,1,0,0,0,1,0,1,0,0
50,107720.5,10.59942,1,0,58.43075,5319.904812,50,0,0,0,1,0,0,1,0,0,0,0
72,72654.19,11.40682,3,0,43.93445,3798.956979,72,0,0,1,0,1,0,1,0,1,1,0
19,71096.34,11.16153,2,2,63.2816,5764.752948,19,1,0,0,0,1,0,1,1,0,0,0
41,25656.47,10.77254,0,0,68.65945,6503.984053,41,1,0,0,1,0,0,1,0,0,0,1
41,12005.02,7.580987,0,0,13.49323,1406.307337,41,0,0,1,0,0,1,1,0,1,1,0
25,34364.84,10.76239,1,0,10.12304,1292.562403,25,0,0,0,0,0,1,1,0,0,1,0
44,33035.98,5.881182,2,0,10.41798,1574.707587,44,0,0,0,1,0,0,1,1,0,0,1
26,5911.41,8.274459,2,0,68.60052,6174.634632,26,0,0,1,0,0,0,1,0,0,0,0
52,42523.79,10.2902,1,0,12.12501,1419.040968,52,0,0,0,0,0,1,1,0,1,0,1
51,25432.25,11.72837,3,2,54.37898,4546.313629,51,0,0,0,0,0,1,1,0,0,0,1
67,35829.24,10.17359,1,0,60.11333,5887.65047,67,0,0,1,0,0,0,1,1,0,1,0
79,14493.59,13.49337,0,0,6.403857,1588.073926,79,1,0,0,1,0,0,1,0,1,1,1
72,19903.1,12.18916,3,0,68.6654,6066.50191,72,0,0,0,0,1,0,1,1,1,1,1
87,21790.0,12.83596,0,0,9.187823,941.2227255,87,1,0,1,0,1,0,1,0,0,0,1
64,16652.32,4.541255,0,1,45.72582,4094.782683,64,1,0,0,0,0,1,1,0,0,0,1
83,28850.5,10.03198,0,0,64.17623,5462.625983,83,0,0,0,0,1,0,1,0,1,1,0
55,13638.96,9.108418,1,0,5.389466,1322.429941,55,0,0,0,0,0,0,1,1,0,0,1
43,41536.3,9.870099,0,0,67.20585,6294.425576,43,0,0,0,0,0,0,1,0,0,0,1
63,48163.8,13.08013867,1,0,4.985175451,1014.311651,63,1,0,0,0,0,0,1,0,1,0,0
32,17922.3,19.71756,2,1,49.18219,4756.00161,32,0,0,1,0,0,1,1,0,1,1,1
23,95198.64,12.46017,0,1,60.34007,5367.056964,23,0,0,1,0,1,0,1,0,1,1,1
47,62285.3,6.657385,1,0,70.78918,6336.618694,47,1,0,0,0,0,0,1,0,0,0,0
38,15960.73,7.861619,2,0,63.47384,5870.579573,38,0,0,1,0,0,0,1,0,0,1,0
55,77919.02,13.97354,0,0,71.38558,6988.587622,55,0,0,1,0,0,0,1,1,1,1,1
58,142086.1,10.47288,1,0,22.97518,2196.794349,58,1,0,0,1,1,0,1,0,0,0,1
40,26064.31,7.160613,2,0,9.23286,1903.763394,40,1,0,1,0,0,0,1,0,0,1,1
76,96857.54,7.078232973,1,0,19.98393473,1805.771781,76,0,0,0,0,1,0,0,0,0,1,1
53,77658.11,9.622151061,0,0,15.73628072,2089.023186,53,0,0,1,0,0,0,1,0,1,1,1
39,23441.22,9.44465,0,0,60.77973,5917.686828,39,0,0,1,0,0,0,1,0,0,1,0
79,11179.42,10.49495185,0,0,8.701581043,1451.201108,79,0,0,1,0,0,0,1,1,0,0,0
82,29982.49,4.586902043,0,0,7.272649386,1143.826239,82,0,0,0,0,1,0,1,1,0,1,1
21,30431.48,8.782589,0,1,63.45489,6161.945348,21,0,0,0,1,0,0,1,0,0,0,1
50,10651.08,10.25863,1,2,66.44552,5754.802766,50,1,0,1,0,1,0,1,0,0,0,0
76,42506.64,10.95303334,0,0,4.860645308,742.7794122,76,1,0,0,1,0,1,1,0,1,1,0
65,64281.28,5.201543,0,1,63.47674,5861.996544,65,1,0,1,0,0,0,1,0,1,0,0
72,50092.12,10.4055,0,0,61.32409,5556.247274,72,0,0,1,0,0,1,1,0,0,0,1
54,9080.2,11.64143982,0,0,7.004427474,907.2094936,54,0,0,0,1,1,0,1,1,1,1,0
65,27669.81,10.29073,0,1,68.57417,6572.766125,65,0,0,0,1,0,0,1,1,0,1,0
69,2680.5,12.16638,1,0,71.8434,6337.761157,69,1,0,0,0,0,1,1,0,1,1,1
43,59563.85,8.739705,0,2,58.08347,5724.812194,43,0,0,0,1,0,0,1,0,0,1,0
71,13467.6,14.47001,0,0,46.23966,4399.170365,71,1,0,0,0,0,0,1,0,1,0,0
65,34356.62,8.70624,2,0,7.012788,910.135775,65,1,0,0,1,1,0,1,1,0,1,0
44,29579.69,4.708283677,1,0,10.16298067,1204.39272,44,0,0,1,0,1,0,1,0,0,1,1
34,24721.14,7.323119,1,0,65.29309,6160.220905,34,0,0,0,1,0,0,1,0,0,1,0
53,4978.33,10.5758,1,0,61.84543,5779.47654,53,1,0,1,0,0,1,1,1,1,1,0
86,34511.01,13.28437,1,2,67.8068,6677.609286,86,1,0,0,0,0,0,1,1,1,1,1
31,40952.09,4.364411,1,0,70.65475,6714.776908,31,0,0,1,0,0,0,1,0,0,0,1
65,20138.55,7.645854,1,1,57.4079,5754.451842,65,1,0,0,1,0,0,0,0,0,1,1
26,39573.48,10.97923,0,0,65.85431,5978.883731,26,1,0,0,0,1,0,1,0,0,1,0
86,72032.69,14.75424,0,1,57.47194,5447.340664,86,1,0,0,0,0,0,1,1,0,0,1
74,22610.64,10.04493,3,0,67.16512,6268.031469,74,1,0,0,0,1,0,1,0,1,1,1
56,35089.38,9.647132151,0,1,2.437089876,909.6827162,56,0,0,0,0,0,0,1,0,0,0,1
71,40548.91,9.898208583,0,0,18.97328429,1912.109481,71,1,0,0,0,1,0,1,0,1,0,0
26,159315.5,10.08608649,0,1,13.65776694,2140.402985,26,0,0,1,0,0,0,1,0,0,1,0
55,13210.96,8.733741,1,0,22.24529,2004.460047,55,1,0,1,0,1,0,0,0,1,0,0
84,19427.81,6.718432,2,0,2.080255,830.8201063,84,1,0,0,0,1,0,1,1,0,1,1
78,28326.47,10.94525,2,0,4.908846,482.2768453,78,1,0,1,0,1,0,1,0,0,0,1
24,18336.35,9.438457,2,0,57.06365,5117.897337,24,0,0,0,1,1,0,1,1,1,0,1
57,31359.19,12.92745,1,2,70.15014,6548.096564,57,0,0,0,0,0,0,1,1,1,1,1
71,29957.52,12.40857,1,0,69.83332,6398.841901,71,1,0,1,0,0,0,1,1,1,0,1
76,29774.74,10.40023,1,0,60.72645,5849.257593,76,0,0,0,1,0,0,1,0,0,1,0
42,23813.32,8.927502,0,0,6.736871,1746.862212,42,0,0,0,1,0,0,1,0,1,1,1
44,53049.26,10.66709,3,1,70.43382,6669.578632,44,0,0,1,0,0,1,1,1,0,1,1
79,48011.59,8.447596,4,0,65.90305,5884.613452,79,0,1,0,1,1,0,1,0,0,1,1
21,53863.95,10.70363,3,0,9.910534,1502.652508,21,1,0,0,1,0,1,1,1,1,0,1
69,46923.98,10.66439,3,1,70.26887,6076.522348,69,0,0,1,0,1,0,1,0,0,1,0
65,119017.8,5.256307,1,1,58.45672,5467.641304,65,0,0,0,1,0,0,1,0,0,1,0
53,34994.57,7.96371,1,1,12.69435,1444.696816,53,0,0,1,0,1,0,1,0,1,0,0
49,99120.55,9.959672,1,0,5.315954,1163.644754,49,0,0,1,0,0,1,1,1,0,1,1
83,19662.72,6.933231,0,0,51.43223,4889.524005,83,0,0,0,0,1,0,1,1,1,1,1
76,50038.58,10.96448,1,0,64.67686,5687.504971,76,0,0,0,1,1,0,1,0,1,0,1
88,6015.6,9.281327,0,0,46.55404,4194.186085,88,1,0,0,0,1,0,1,0,0,1,0
30,64256.81,11.79073041,3,0,10.06019902,1582.295235,30,1,0,0,1,0,0,0,0,0,0,1
64,68793.34,12.17642,0,1,6.994401,814.9942633,64,1,0,0,1,1,0,1,0,1,0,1
47,27222.52,7.649443176,0,0,8.92504512,1389.451264,47,0,0,0,1,0,1,1,1,1,1,0
69,61475.04,14.46243735,3,1,7.607475355,1150.859858,69,1,0,0,0,0,1,0,1,0,1,0
43,49062.06,10.93632,2,0,65.28923,6165.048793,43,1,0,0,0,0,0,1,1,0,0,0
63,67319.27,6.362190982,1,2,13.59137366,1460.513443,63,1,0,0,1,1,0,1,0,1,0,0
77,1143.18,7.338118,0,0,3.318059,625.201163,77,1,0,1,0,0,1,1,1,0,1,1
67,15629.94,10.25342,2,1,11.54316,1562.246266,67,0,0,1,0,0,0,1,1,1,0,0
84,36835.17,13.55077,0,0,64.53,5675.888405,84,1,0,1,0,0,1,1,0,0,1,0
73,79846.11,9.594627,0,1,60.91248,5487.492711,73,1,0,1,0,1,0,1,0,0,1,0
62,25647.81,9.021887,0,0,58.4866,5277.732479,62,0,0,1,0,1,0,1,0,0,1,0
41,26098.7,7.250619,1,0,71.89521,6237.521195,41,1,0,0,1,0,1,1,1,0,1,0
39,51434.21,14.96523,1,0,55.62195,4957.154591,39,0,0,0,1,0,1,1,0,1,1,0
79,56311.65,9.92907,3,0,67.12189,5714.242038,79,1,0,1,0,1,0,1,0,0,1,0
62,39830.33,4.789545,1,1,70.18932,6735.268525,62,0,0,0,1,0,0,1,0,1,1,0
59,83382.41,15.04128691,2,0,5.070551439,781.9302227,59,0,0,0,1,1,0,0,0,1,1,1
46,23511.45,13.6576,1,0,8.133191,1158.223413,46,1,0,0,1,1,0,1,1,0,1,1
64,19398.68,9.060299,2,1,50.79108,4610.018066,64,1,0,0,0,0,1,1,0,0,1,0
38,40392.47,9.73677222,1,0,11.03162791,1442.347357,38,1,0,0,1,1,0,1,1,0,1,1
65,66156.08,12.95024,2,1,4.899337,1125.779521,65,0,0,1,0,0,0,1,0,0,0,0
23,19494.75,10.92246098,1,0,12.80615845,1954.080809,23,1,0,0,0,0,0,1,0,0,0,0
70,27967.87,7.389506,1,0,14.87149,1532.242102,70,0,0,0,1,1,0,0,0,1,0,0
18,54102.22,6.897465,2,0,71.13774,6343.360731,18,0,1,1,0,0,0,1,0,0,0,0
18,47618.81,12.65695134,1,0,4.106981469,1239.519501,18,0,0,0,0,0,0,1,1,0,0,1
45,77615.02,9.242393,1,0,11.61194,1648.220152,45,0,0,0,1,0,1,1,0,0,1,1
34,63574.11,9.803773,0,0,4.533178,1396.329395,34,1,0,0,0,1,0,1,1,1,1,0
82,10551.43,13.52236,2,0,59.78701,5144.456729,82,0,0,0,0,1,0,1,0,0,0,1
33,19029.8,14.5768,0,0,8.666281,1062.367672,33,1,0,1,0,1,0,1,0,1,0,0
62,81116.37,15.78884,1,0,7.235576,732.5653824,62,0,0,1,0,1,0,1,0,1,0,1
40,13479.83,12.42505,0,0,68.36284,5918.039284,40,0,0,0,0,0,1,1,0,0,0,0
39,42914.32,13.19651,0,2,51.62495,5335.120882,39,0,0,1,0,0,0,1,1,0,1,0
42,42517.98,10.58815,2,0,7.032433,1818.572601,42,1,0,1,0,0,0,1,1,0,1,1
43,37634.23,10.11765,0,0,43.20929,3755.734311,43,0,0,1,0,1,0,1,0,0,0,1
25,41446.86,7.990639758,1,0,3.475168025,637.9068136,25,0,0,0,1,1,0,1,0,1,1,0
77,18143.49,8.67513,1,0,69.44118,5972.406287,77,1,0,1,0,1,0,1,0,0,1,0
19,44107.0,17.14612,1,0,1.319201,646.5215872,19,1,0,1,0,0,1,1,1,0,0,0
78,66146.86,12.05866555,2,0,8.688984603,1524.801731,78,1,0,0,0,0,0,0,1,1,0,0
68,28561.99,7.978322947,0,1,6.795512947,904.5361102,68,1,0,0,1,1,0,1,1,0,1,1
77,1737.57,10.49734,2,0,59.66552,5511.495437,77,0,0,1,0,0,1,1,0,0,1,1
61,21558.19,11.5891,2,1,69.95421,5848.90356,61,1,0,0,0,0,1,1,1,0,0,0
87,62496.87,11.76887,2,0,1.361282,313.8263132,87,1,0,0,0,0,1,1,0,1,0,0
43,47529.47,13.17617062,1,0,7.380291282,823.39436,43,0,0,1,0,0,1,1,0,0,0,0
35,50391.85,9.518609,2,0,6.739064,1211.320081,35,0,0,0,0,1,0,1,0,1,1,0
45,36084.05,5.803708,2,0,53.34625,5128.882309,45,1,0,1,0,0,0,1,0,1,0,0
49,21409.33,10.89909265,1,0,14.87053577,1737.873621,49,0,0,0,1,0,0,1,0,0,0,0
44,11518.58,13.41209586,3,0,2.964559883,1205.956363,44,1,0,1,0,0,0,1,1,0,1,1
85,68237.79,5.638490484,0,0,22.37864487,2353.856438,85,0,0,0,0,0,0,1,0,0,0,0
41,54507.42,6.322552,2,0,29.95876,3119.385384,41,0,0,1,0,1,0,1,1,0,1,0
36,18223.67,10.63959,0,0,52.97231,4502.173823,36,0,0,1,0,0,1,1,0,1,0,0
54,23513.12,12.24838,1,1,6.246694,638.1637463,54,1,0,0,0,0,1,1,0,0,0,0
81,35820.71,7.873264,0,2,14.60884,1634.207671,81,1,0,0,0,1,0,1,1,0,0,1
52,53627.3,9.206239,2,1,3.895892,1494.926003,52,0,0,0,0,0,0,1,1,1,1,1
36,10466.23,7.565105658,0,0,5.440398012,589.9932647,36,0,0,1,0,0,1,1,0,0,0,0
23,94691.1,12.69026,4,0,8.330395,1318.798135,23,1,0,0,0,1,0,1,1,1,0,1
45,15279.99,9.330945,1,0,64.49909,5645.047981,45,1,0,0,1,1,0,1,1,0,0,1
36,36690.66,10.04996,1,2,65.25844,5644.976125,36,0,0,1,0,0,1,1,0,0,1,0
35,28813.13,14.14138,0,1,71.81426,6382.61699,35,0,0,0,0,0,1,1,1,1,1,0
66,15253.93,8.941096681,2,0,17.28022598,1929.06738,66,0,0,1,0,1,0,0,0,1,0,1
75,26248.17,7.79697,0,2,70.00933,5757.088887,75,0,0,0,0,1,0,1,0,0,0,0
22,19406.97,15.21903,0,1,53.26798,5006.001706,22,0,0,0,0,1,0,1,0,0,1,0
71,26164.5,12.27450189,0,0,7.737353244,1290.274294,71,0,0,1,0,0,0,1,0,1,0,0
41,25312.29,8.98242621,0,0,18.33393114,2329.836404,41,0,0,0,0,0,0,1,1,0,0,1
49,13638.46,10.74715,1,1,63.18349,5651.568466,49,0,0,0,1,1,0,0,1,1,1,1
46,11795.57,7.607663559,0,0,1.092361222,768.0874545,46,0,0,0,0,0,1,0,0,1,1,0
68,30255.22,12.2246,0,1,2.006646,977.9075314,68,1,0,0,0,1,0,1,0,1,1,0
37,69988.77,13.15586,0,2,11.61284,1839.162665,37,0,0,0,0,0,0,1,1,0,1,1
31,37734.22,16.64886,1,0,1.868309,922.5780039,31,0,0,0,1,1,0,0,1,1,1,1
70,45662.68,7.832277,1,0,21.45305,2110.79392,70,0,0,0,0,0,1,1,1,1,0,1
62,67129.6,12.25073,1,0,8.157412,909.7634001,62,0,0,0,0,1,0,1,1,1,0,1
80,41893.09,4.545308,0,0,61.47987,5356.753961,80,1,0,1,0,1,0,1,0,1,0,1
35,33081.5,16.2337,1,0,53.27752,5477.886159,35,1,0,0,0,0,0,1,0,0,1,1
25,36116.64,5.542608,2,0,63.64732,5734.616741,25,1,0,1,0,1,0,0,1,0,1,1
58,103476.1,11.29179,3,0,52.89423,5084.851456,58,0,0,0,0,0,0,1,0,1,1,0
51,6484.19,4.472395,2,1,1.740498,450.2597019,51,0,0,1,0,1,0,1,0,1,0,0
68,34214.34,16.2496,0,0,37.5005,3614.976172,68,0,0,1,0,0,0,0,0,1,0,0
61,24072.79,9.574804,2,0,47.98376,4079.477384,61,1,0,0,1,0,1,1,1,0,0,0
57,65952.12,13.10857,0,0,52.66447,4724.802444,57,0,0,1,0,1,0,1,1,0,0,1
72,30299.76,11.01782,1,0,69.86769,6271.67502,72,0,0,1,0,0,0,1,0,1,0,1
24,33281.77,3.919237,2,1,21.07565,2673.10157,24,1,0,1,0,0,0,1,0,1,1,1
77,34584.19,11.07398,1,0,53.81882,4896.644429,77,1,0,1,0,1,0,1,1,0,1,1
36,52493.72,7.678366,0,0,68.01745,5727.757032,36,1,0,1,0,1,0,1,0,0,0,0
77,49705.64,9.060003,0,0,6.053801,800.6201669,77,1,0,0,1,1,0,1,0,0,1,1
60,10521.06,5.310665,1,0,65.04596,5948.856328,60,0,0,0,0,1,0,1,0,1,0,1
81,100608.2,9.705148,1,0,39.32461,3352.072435,81,0,0,1,0,1,0,1,0,0,1,0
21,10719.01,8.474787,1,0,54.20972,4824.822478,21,0,0,0,1,0,1,1,1,0,0,1
27,49672.91,11.93478,1,0,2.138986,1038.488008,27,1,0,0,1,0,0,1,1,0,1,0
20,20825.08,12.2879,1,0,61.10374,6004.311688,20,0,1,0,0,0,0,1,0,0,1,0
59,23804.97,10.1896,0,0,1.110729,724.2830732,59,0,0,1,0,0,1,0,0,1,1,1
20,112839.8,14.05877,3,0,68.79248,6101.712749,20,1,0,0,1,1,0,1,0,0,1,1
59,79543.27,10.68081,0,0,68.13863,5898.900513,59,1,0,0,0,1,0,1,1,1,0,0
56,62480.22,9.818035,0,0,12.24637,1795.595369,56,1,0,0,1,0,0,1,0,0,0,1
49,8692.66,10.75517,3,0,67.60425,5849.950819,49,0,0,1,0,0,1,1,0,1,0,0
33,108059.11,11.31837362,0,1,24.77634001,2729.316361,33,1,0,1,0,1,0,1,0,1,0,1
65,23935.48,7.28865,0,1,19.48914,2254.987769,65,0,0,1,0,0,0,1,1,1,0,0
24,25182.77,11.93348,0,0,2.313262,864.4642177,24,1,0,1,0,0,0,1,0,0,0,1
51,55625.04,6.245748922,1,2,4.354733929,680.5565136,51,1,0,1,0,1,0,1,0,1,1,0
85,25034.34,6.075357,1,0,66.12646,5831.95427,85,1,0,0,0,0,1,1,1,0,0,1
67,41522.19,9.027027,0,0,57.08875,5084.877488,67,0,0,0,0,1,0,1,0,1,0,1
47,35149.7,11.20722,1,0,50.58329,4732.791307,47,0,0,0,0,0,0,1,1,0,0,1
47,60415.32,8.497807171,0,0,20.75499393,2245.476461,47,1,0,0,0,1,0,1,0,0,1,0
75,16709.84,10.23096,1,0,66.77022,5947.355869,75,1,0,0,0,1,0,1,0,0,0,1
71,35979.55,10.98304,2,1,5.360993,1027.720431,71,1,0,0,1,0,0,1,0,0,0,1
63,30262.99,6.228557,1,0,1.992273,818.8755109,63,1,0,0,0,1,0,0,1,0,1,0
29,88219.46,3.468567,0,0,13.00557,1618.779462,29,0,0,0,1,0,0,1,1,0,0,0
82,13033.38,9.265631,3,0,59.13074,5472.480679,82,0,0,0,1,0,0,1,0,0,0,0
60,43636.68,8.670379621,1,0,7.279044337,906.7867988,60,0,0,1,0,0,1,1,0,1,1,0
40,13585.86,11.34243,0,1,47.01192,4549.059635,40,1,0,0,1,1,0,1,0,0,1,0
73,11644.24,12.51404385,3,0,19.08438023,1825.848805,73,0,0,0,0,0,1,1,1,0,1,0
23,70968.23,3.504693,0,1,66.969,6428.811386,23,1,0,0,1,0,0,1,0,0,0,1
31,28229.96,8.910387,0,1,49.8342,4226.329148,31,0,0,1,0,0,1,1,0,1,0,0
59,57227.25,11.4115,0,0,58.25985,4979.764199,59,0,1,1,0,0,1,0,1,0,0,0
53,8657.1,10.75378608,1,1,3.847102787,875.8840004,53,0,0,1,0,0,0,1,0,1,0,0
63,18927.94,9.524691,4,0,8.675197,1671.330908,63,0,0,0,1,0,0,1,1,0,1,0
84,43194.01,11.43191,0,2,70.49801,6282.781525,84,0,0,0,0,0,0,1,1,0,0,0
23,22853.63,13.96678169,1,0,2.447985699,638.4642534,23,1,0,1,0,1,0,1,0,1,0,1
65,65242.66,8.550845,2,1,57.63584,5025.121526,65,0,0,1,0,1,0,0,1,1,0,0
48,26480.5,10.85729,0,0,69.16679,6259.287322,48,1,0,0,1,0,0,1,0,0,0,1
87,38556.54,6.464421,2,0,63.40077,5922.604676,87,0,0,1,0,0,0,0,0,1,1,0
66,40660.84,11.58410296,0,1,4.525864256,710.7541633,66,1,0,0,1,1,0,0,0,0,0,0
83,89224.24,13.7907,3,0,44.16108,3984.440452,83,1,0,1,0,0,1,1,1,1,1,0
64,31713.03,9.14229,0,0,61.12409,5304.081927,64,0,0,0,1,1,0,1,0,0,1,1
75,25044.85,9.368606843,0,1,1.548600048,785.5416603,75,1,0,1,0,1,0,1,0,1,1,1
88,51856.16,8.421281,0,0,67.93831,6515.886968,88,1,0,0,0,0,0,1,1,1,1,0
25,48702.23,12.47071,1,0,58.28008,5629.15203,25,1,0,1,0,1,0,1,1,0,1,1
58,18846.09,12.56004,1,0,6.391286,1066.249033,58,0,0,0,1,1,0,1,0,1,1,0
66,13899.94,11.31545,0,0,52.83276,4747.190141,66,0,0,0,1,0,0,1,0,0,0,0
60,46582.29,8.43066,0,0,64.64603,5568.279974,60,1,0,0,1,1,0,1,1,1,0,0
45,48915.51,10.51538905,1,1,8.856546048,1457.990407,45,0,0,1,0,0,0,1,1,0,1,0
88,26118.87,10.55385,0,0,50.47035,5185.798642,88,1,0,0,0,0,0,1,1,0,1,1
51,14364.65,9.03738856,2,0,12.07970325,1296.674543,51,1,0,0,1,1,0,1,1,1,0,0
21,40941.58,9.705754,1,1,9.49754,1432.135681,21,0,0,0,0,0,1,1,1,0,1,0
52,23795.41,6.09625,0,0,63.17583,5857.728582,52,1,0,0,1,1,0,1,0,1,1,0
35,16490.9,11.19187,1,0,52.68435,5180.245459,35,0,0,0,1,0,0,1,1,0,1,1
75,25118.27,3.976308,0,0,47.95497,4421.995837,75,1,0,0,0,1,0,1,1,0,0,0
71,92399.2,11.28086,0,0,54.97976,5116.164536,71,0,0,1,0,0,0,1,1,0,0,0
34,37552.96,11.88831901,3,0,6.143856241,1035.02733,34,1,0,0,1,1,0,1,0,1,0,1
74,37471.73,5.312181,0,0,60.29749,5674.251752,74,1,0,1,0,0,0,1,1,1,0,0
54,46724.11,6.186245,1,0,68.85746,6114.267462,54,0,0,0,0,0,0,1,0,0,0,0
82,23942.2,6.48996,0,0,66.77433,5548.354455,82,0,0,0,1,0,1,1,0,0,0,1
79,74297.66,6.808384,0,0,3.707186,704.3641607,79,1,0,1,0,0,0,0,0,0,0,0
80,22064.33,8.457343,1,1,63.09122,5405.598202,80,0,0,0,0,1,0,1,0,1,1,1
51,117089.4,13.87286,1,0,66.25635,6703.314017,51,1,0,1,0,0,0,1,1,0,1,1
28,62116.37,10.79056,2,0,71.14976,6659.018754,28,1,0,1,0,0,0,1,1,0,1,0
29,17134.4,6.583504,1,0,5.695207,1220.191739,29,0,0,0,1,0,0,1,0,1,1,0
31,34919.68,14.55526,1,0,64.62378,6689.478561,31,1,0,0,0,0,0,0,1,1,1,1
70,52171.43,11.06332,1,0,51.53345,4644.934479,70,0,0,1,0,1,0,1,0,0,1,0
46,51108.77,10.56625,1,0,11.65333,1622.06829,46,0,0,0,1,0,0,1,0,1,0,1
42,9374.34,5.180762,0,0,55.40847,4843.560902,42,1,0,0,1,1,0,1,0,0,0,0
45,48863.25,9.966641,1,1,59.85396,5305.602924,45,1,0,0,0,1,0,1,1,0,0,1
46,7563.51,11.22831,0,0,67.6308,6139.695302,46,1,0,0,0,0,1,1,0,1,1,0
57,11121.39,8.962651,1,0,4.073125,1571.964276,57,1,0,0,0,0,0,0,0,1,1,1
39,33945.2,6.608008759,0,0,6.203299256,633.9224183,39,0,0,0,1,1,0,1,0,0,0,1
82,78741.23,6.100204,1,1,71.7533,6087.145624,82,1,0,0,0,1,0,1,1,0,1,0
77,22842.54,9.343359,0,0,5.464636,1058.563314,77,1,0,0,1,0,1,1,0,0,1,0
46,45146.99,12.0772854,1,1,2.581692044,345.0099528,46,0,0,0,0,1,0,1,0,0,0,1
48,70806.33,15.0905113,0,0,10.28281832,1200.853937,48,0,0,0,1,0,1,1,1,1,0,0
88,14821.76,11.14208,3,0,7.326372,858.2482994,88,0,0,1,0,1,0,1,1,1,0,0
29,21616.35,14.37269379,2,0,9.44860885,1243.779967,29,0,0,0,1,1,0,1,1,0,1,1
65,24672.87,7.404922,0,0,59.33902,5252.240805,65,0,0,0,0,0,1,1,0,0,0,1
24,9964.37,8.334967001,1,0,20.40555252,2422.117328,24,0,1,1,0,0,1,1,0,1,1,1
40,14471.8,11.21693,0,1,4.461349,1011.014705,40,1,0,1,0,0,1,1,0,1,0,1
81,29711.23,12.46556,1,0,61.29211,5163.277727,81,1,0,0,0,1,0,1,0,0,0,0
77,62989.06,2.094319,1,0,27.4563,2859.041314,77,0,0,0,0,0,0,1,0,0,1,1
53,15125.59,9.129946,1,0,70.47803,6857.525674,53,1,0,0,0,0,0,1,0,1,1,1
43,40034.32,11.75929,0,2,9.938448,1390.888939,43,0,0,0,0,1,0,1,0,1,0,0
30,80803.99,11.5752,0,0,41.95888,4103.440109,30,1,0,1,0,1,0,1,1,1,0,1
89,56631.76,6.839793198,0,0,11.08150154,1140.151122,89,0,0,1,0,1,0,1,0,0,0,0
54,40554.25,7.930711,0,0,67.13803,5653.877056,54,0,0,1,0,1,0,0,0,0,0,1
24,33371.16,13.89541,1,0,5.738405,1159.773784,24,0,0,1,0,1,0,1,1,0,1,0
53,39557.83,5.923618,0,1,17.93561,1689.115275,53,1,0,0,1,1,0,1,1,0,0,0
84,15048.63,8.440399216,0,0,7.570075544,1524.945096,84,1,0,1,0,0,0,1,0,0,1,0
57,13948.49,11.96174,0,1,67.77528,6105.525987,57,1,0,0,0,1,0,1,1,0,1,0
29,38157.06,13.65079,1,0,70.62716,6431.886281,29,0,0,1,0,1,0,1,0,0,1,0
54,32987.01,12.62145,3,0,2.089917,900.0678019,54,0,0,0,0,0,1,1,0,0,1,1
41,25737.47,9.434311,1,0,51.85047,4794.939338,41,1,0,1,0,1,0,1,1,1,0,1
45,18556.55,11.22864,0,0,54.78319,4976.840428,45,0,0,0,0,0,1,1,0,1,0,0
73,69444.54,7.207577411,3,0,3.124488057,520.8892347,73,1,0,0,0,0,1,1,0,0,1,0
67,10529.16,10.89757,0,0,55.61318,4656.349658,67,0,0,0,0,0,1,1,0,0,1,0
70,37535.82,11.74644,1,0,1.862828,553.0231321,70,1,0,0,1,1,0,1,0,0,0,1
73,27675.71,4.656974,1,1,12.00194,1990.707874,73,0,1,0,1,0,0,1,0,1,1,1
25,20638.11,8.61041,3,0,7.890442,1593.482092,25,1,0,0,1,0,0,1,1,0,0,0
63,6025.06,12.99584,3,0,53.60305,4863.296508,63,1,0,0,0,1,0,1,1,0,1,1
54,54835.61,5.077546,0,1,50.07284,5249.968921,54,0,0,0,1,0,0,0,1,1,1,0
73,25946.0,11.44963,1,0,10.51089,1287.261282,73,0,0,0,0,0,0,0,0,0,0,0
54,11815.18,8.290101,3,0,55.5206,5360.683391,54,1,0,1,0,0,0,1,1,0,1,1
64,52153.53,9.89943,3,0,62.86179,5675.905105,64,1,0,0,1,1,0,1,1,0,1,1
83,58563.96,9.182092,1,0,7.94384,610.2392527,83,0,0,1,0,1,0,1,0,0,0,0
49,45636.98,11.35962,2,1,66.62554,5715.040053,49,0,0,0,0,1,0,1,1,1,0,0
69,13944.19,8.590039,0,0,53.66326,5435.229637,69,1,0,0,0,0,0,1,1,1,1,1
77,44511.9,2.809005,2,0,61.48122,5700.115786,77,1,0,1,0,0,1,1,0,1,1,1
72,42700.87,15.71134,1,1,60.40651,5234.429593,72,0,0,1,0,0,1,0,1,1,0,1
76,22412.6,10.62439366,0,0,5.972864167,1195.393037,76,0,0,0,0,0,0,1,0,0,0,1
77,11290.67,13.48138957,0,1,5.497366828,1243.061143,77,0,0,1,0,0,0,1,1,0,0,1
67,78177.94,12.15570061,1,0,16.72537387,2217.734847,67,1,0,0,1,0,0,1,0,1,0,1
60,19990.22,4.843884364,2,1,7.712199324,1235.453213,60,0,0,0,0,0,1,1,0,1,1,1
76,57675.63,12.84399,1,0,17.55759,2258.203171,76,1,0,1,0,0,0,1,0,1,1,0
79,61079.4,13.74043,0,0,69.7539,6419.956581,79,0,0,0,1,1,0,1,1,1,1,1
70,53719.81,10.54,0,0,70.24121,6349.636467,70,1,0,1,0,1,0,1,0,0,1,1
54,24017.57,13.06640293,2,1,14.53315436,2494.633068,54,0,0,1,0,0,0,1,1,0,1,1
24,32397.32,6.88069,1,0,60.88815,6096.201472,24,0,0,0,1,0,0,1,0,0,1,1
88,29321.73,9.702895,1,2,3.109148,581.9611419,88,1,0,0,0,1,0,1,0,1,1,1
45,52440.69,8.196855,0,1,62.5664,6135.698624,45,0,0,0,1,0,0,1,1,1,0,1
70,8288.76,10.9674,1,2,68.57741,6380.564424,70,0,0,0,1,0,0,1,0,0,1,1
56,12281.76,17.50485,0,0,7.150962,915.023098,56,1,0,0,0,0,1,0,1,0,0,0
89,39855.68,9.986224,1,0,71.12681,6359.030108,89,1,0,1,0,0,0,1,1,0,0,0
41,22740.18,9.515036,0,1,19.19435,2037.426425,41,1,0,0,1,1,0,0,0,0,0,1
22,59034.02,5.786657,2,0,36.50778,3610.16619,22,1,0,0,0,1,0,1,1,1,1,1
47,49233.98,9.267577,0,1,2.497434,739.280489,47,0,0,0,1,0,1,1,0,0,1,0
19,37816.75,9.249991739,1,0,16.56587766,1645.259689,19,0,0,0,0,0,1,1,0,0,0,1
41,19097.94,7.369412654,0,1,21.29342532,2409.195918,41,0,0,0,1,0,0,1,0,0,0,0
45,35183.0,15.54947,1,0,56.00686,5099.333841,45,1,0,0,1,1,0,1,0,1,0,1
24,58210.13,7.4493,2,0,44.75355,4019.765436,24,0,0,0,0,1,0,1,1,0,0,1
25,71806.84,11.9576,1,0,1.331372,740.5922353,25,0,0,0,0,1,0,1,0,0,1,0
28,1593.63,2.974229,0,1,60.03811,6004.110633,28,0,0,0,0,0,0,1,0,1,0,0
83,25886.2,8.961461799,1,0,1.715329149,250.9270047,83,0,0,0,1,1,0,0,0,1,0,0
59,68057.33,7.711873,2,1,49.67473,4369.813214,59,0,0,1,0,1,0,1,1,0,0,1
26,32202.44,14.08029,0,0,5.000016,1481.311788,26,1,0,1,0,0,0,1,1,0,1,0
56,34197.3,15.74015572,2,1,11.64983735,1719.173387,56,0,0,0,1,1,0,1,0,1,1,0
20,23773.72,5.965254402,0,0,5.425068599,1386.2317,20,1,0,0,1,1,0,1,0,1,1,1
81,16134.75,9.704036,4,1,64.33331,5656.693914,81,1,0,0,0,0,1,1,0,1,1,0
59,5884.45,2.970156,0,0,51.58472,4489.267692,59,0,0,0,0,1,0,1,1,0,1,0
54,9099.98,9.635521,0,0,71.27703,6657.053711,54,1,0,1,0,0,0,1,1,0,0,0
88,38674.2,9.283484,0,0,50.22175,4561.520294,88,1,0,1,0,1,0,1,1,0,1,1
44,10737.28,10.39268,0,1,58.04214,5109.918342,44,0,0,1,0,1,0,1,0,1,1,1
30,28936.68,7.259021,0,0,14.08217,1875.470621,30,1,0,0,0,0,0,0,1,1,0,0
71,36271.6,9.7017,2,0,62.03084,5829.643329,71,1,0,0,0,1,0,1,1,1,1,1
81,17555.47,7.096983,1,0,10.70349,1196.094746,81,1,0,1,0,1,0,1,1,0,0,0
22,40885.91,7.489466,0,1,60.31971,5264.734623,22,0,0,1,0,1,0,0,1,0,1,0
69,18825.6,11.13755,0,0,55.93837,5085.811636,69,0,0,0,0,0,0,1,0,0,0,1
81,8669.16,15.32731181,0,0,3.61323465,804.3790601,81,0,0,0,0,1,0,1,0,1,1,0
80,11920.23,13.57544,0,1,43.49892,4300.053916,80,1,0,0,0,0,0,1,1,0,0,0
88,105739.9,12.27912,0,0,38.47721,3385.487772,88,0,0,1,0,1,0,1,0,0,0,1
30,13422.08,12.23027,1,0,54.64972,5350.055146,30,1,0,0,1,0,0,1,0,0,1,1
87,2374.07,5.299433,2,0,52.55226,5180.160828,87,0,0,0,1,0,0,1,0,0,1,1
33,10199.44,10.81518,1,0,66.82313,5880.876863,33,1,0,0,0,0,1,1,1,0,0,1
63,21053.35,10.69284712,2,1,8.892893007,1088.263081,63,1,0,0,0,1,0,1,1,1,1,0
89,33652.0,13.51705,2,0,4.043292,826.7523349,89,0,0,1,0,0,0,1,0,1,0,1
89,22097.72,12.82879,1,0,66.91884,5661.61911,89,0,0,0,0,1,0,1,0,1,1,0
71,82554.24,4.12236456,1,0,3.113737885,278.5411418,71,0,0,0,0,0,1,1,0,0,0,0
35,10736.53,7.138395,1,3,60.56995,5179.612997,35,0,0,0,0,1,0,1,1,0,0,0
81,26031.22,6.884662093,2,1,4.611940238,722.0878256,81,1,0,1,0,1,0,1,0,1,1,0
42,31809.46,15.06990851,2,0,14.23487852,1641.938696,42,0,0,1,0,0,1,1,1,1,0,1
80,47832.37,7.75187,2,0,51.19372,4734.546819,80,0,0,1,0,0,0,1,1,0,0,0
74,30439.25,10.41218,2,1,59.01705,5524.916473,74,1,0,0,0,0,0,1,0,1,0,0
19,48531.85,5.985983,0,0,10.99952,1794.594938,19,1,0,1,0,0,1,1,0,0,1,0
87,37885.62,9.17978,1,0,64.02401,5934.141788,87,0,0,1,0,0,0,1,0,1,1,1
76,1476.14,11.3061,2,0,4.905018,782.6217803,76,1,0,0,1,1,0,1,0,0,0,1
79,56271.7,4.19326,2,1,64.94288,5539.851767,79,1,0,1,0,1,0,1,1,0,0,0
51,31952.26,17.03486,1,0,51.9774,4639.90108,51,1,0,0,0,1,0,1,0,1,1,0
76,13741.46,13.84188,1,0,69.26448,6129.960354,76,1,0,0,1,1,0,1,0,1,1,1
22,53937.51,8.529407,0,0,62.87291,5372.574608,22,0,0,0,1,1,0,1,0,0,0,0
87,41531.03,7.045552801,2,0,7.007695148,1181.991846,87,0,0,0,1,0,0,1,1,1,1,0
48,25866.34,9.993283,0,1,67.35833,6307.538056,48,1,0,0,1,1,0,1,0,1,1,1
62,5629.62,8.395973,3,0,67.9048,5680.56077,62,0,0,0,1,1,0,1,1,1,0,0
55,16545.07,13.90412,0,0,47.48699,4943.554958,55,1,0,0,1,0,0,1,0,0,1,1
31,40690.6,3.942126,0,0,1.556238,498.4399198,31,1,0,0,1,0,1,1,1,0,0,1
49,45020.08,11.61603945,0,0,13.00962018,1460.632443,49,0,0,1,0,1,0,1,1,0,0,1
32,91605.19,6.716026988,1,2,15.21980082,2425.149963,32,0,0,0,0,0,0,0,1,1,1,0
59,41102.74,11.03032,2,0,70.97645,5781.732,59,0,0,0,1,1,0,1,0,0,0,0
77,20122.14,9.531917,1,0,4.527148,932.0065474,77,0,0,0,1,0,1,1,0,0,1,1
42,65893.07,11.33648,0,0,51.426,4750.441086,42,0,1,0,0,1,0,1,0,0,1,0
25,69472.61,8.211382,1,2,8.802664,1697.797856,25,0,0,0,0,0,0,1,1,0,1,0
21,40598.75,7.277557,2,0,6.588658,1667.235527,21,0,0,0,1,0,0,1,0,0,1,1
55,74091.67,11.71374732,0,1,24.71916223,2267.242164,55,0,0,0,0,1,0,1,0,0,0,1
52,67828.98,13.32489174,4,0,2.451160296,764.893446,52,1,0,1,0,0,1,1,0,1,1,1
68,41216.81,12.93027,1,0,64.26003,5732.940723,68,1,0,1,0,1,0,1,0,0,1,1
39,44779.1,6.280831,1,0,9.539097,1965.90329,39,0,0,1,0,0,0,1,0,1,1,1
32,68056.48,13.57908,0,0,53.48684,4893.706015,32,1,0,0,1,1,0,1,0,1,0,1
54,5984.94,16.72529341,1,0,7.175063445,1257.52308,54,1,0,0,0,0,0,1,0,0,0,0
31,12734.05,7.048181,1,0,68.51142,6257.08697,31,0,0,0,1,1,0,1,1,0,1,1
60,41190.38,12.75193,2,0,59.29358,5172.200731,60,0,0,0,0,1,0,1,1,1,0,1
61,32807.29,6.116148,1,0,53.9011,4571.146514,61,0,0,0,0,1,0,1,0,0,0,0
63,33126.69,12.27148,0,1,59.97134,6074.154988,63,1,0,0,1,0,0,1,1,1,1,1
38,35337.11,11.42866,0,1,3.319565,1170.139527,38,0,1,1,0,0,0,1,1,1,1,0
81,65542.94,10.28049,1,1,58.46541,5104.379413,81,1,0,0,0,0,1,1,1,0,1,0
63,54739.98,11.59205,2,0,58.9945,5514.922539,63,1,0,0,0,0,0,1,1,1,0,0
19,40902.49,8.816497541,0,1,11.10356439,1973.661316,19,0,0,0,1,0,1,1,1,1,1,0
69,32032.54,8.081871,1,0,4.208515,956.1671721,69,1,0,0,0,0,0,1,1,0,0,0
83,56532.82,8.887465,1,0,14.61254,1330.997032,83,1,0,0,1,0,1,1,0,0,1,0
81,90977.74,10.76051016,3,0,3.521499924,823.4933243,81,0,0,0,1,0,0,1,0,0,0,1
28,18911.92,3.681734,1,0,2.277916,520.0280011,28,0,0,0,1,1,0,1,1,0,1,0
50,59780.22,14.413,0,0,2.185047,472.1439723,50,0,0,0,0,0,1,1,0,0,1,0
24,9397.93,12.5176,2,1,45.94768,4678.84382,24,1,0,0,0,0,0,1,0,1,0,1
38,42343.23,16.01904,0,1,66.52217,6075.169598,38,1,0,1,0,1,0,1,1,1,0,1
40,3551.89,11.64764999,1,1,6.126946607,1614.1637,40,1,0,0,1,0,0,1,0,0,1,1
34,56693.87,3.985414,0,1,4.323297,1058.643568,34,1,0,0,0,0,0,1,0,0,0,0
23,44495.59,8.891296,3,0,61.44671,6093.079399,23,1,0,1,0,0,1,1,1,1,1,1
51,9568.37,11.87689,0,1,71.97999,6090.325352,51,0,0,0,1,1,0,0,0,0,0,0
52,33004.61,12.60017,1,0,62.17828,5314.541588,52,0,0,0,0,0,1,1,1,0,0,1
63,50264.01,12.76255256,0,1,5.044076415,928.4588213,63,1,0,0,0,0,1,1,1,1,1,1
76,90643.01,6.556398,2,0,51.95172,4888.502724,76,1,0,1,0,0,0,1,0,0,1,0
57,75507.18,8.954105,0,2,59.00106,5367.063694,57,0,0,0,0,1,0,1,0,0,1,0
62,11217.96,12.66717474,2,0,6.035737465,795.4957358,62,1,0,0,1,1,0,1,0,0,1,0
73,19839.22,8.779628,1,0,71.4622,6104.609294,73,0,0,0,0,1,0,0,1,1,0,0
71,81902.07,9.610898,2,0,8.442986,1450.000546,71,0,0,0,0,0,0,1,0,0,1,1
38,31369.76,12.48448983,0,1,14.42671843,2363.604752,38,0,0,0,1,0,0,1,0,1,1,1
22,16874.68,14.7376853,0,0,9.039309605,1134.880009,22,0,0,0,0,0,1,1,1,0,1,0
59,11981.42,9.015171,2,0,51.88253,4688.843781,59,0,0,0,0,0,1,1,0,1,0,1
62,80719.57,11.06909,2,1,36.82387,3749.327724,62,1,0,0,1,0,1,1,0,1,1,1
29,20693.32,6.510457,0,0,66.06887,5598.228474,29,0,0,0,1,1,0,1,0,1,0,0
84,52581.07,8.855708,0,0,2.972634,438.8374341,84,0,0,1,0,1,0,1,1,0,1,0
58,67637.17,6.605824,1,0,53.62789,5605.985814,58,1,0,0,0,0,0,1,1,1,1,0
53,20957.58,9.133118524,0,0,7.349620762,1164.240281,53,1,0,0,0,1,0,0,0,0,1,0
75,60136.7,8.938938,2,0,60.91354,5894.516764,75,1,0,0,1,0,0,1,0,0,1,0
35,17995.63,14.8479,0,1,6.602711,1569.491526,35,1,0,0,0,0,0,1,0,0,1,0
57,12204.42,7.210462,0,0,14.0669,1443.483853,57,1,0,0,0,1,0,1,0,0,1,0
48,18706.57,11.53278,1,3,66.09922,6192.147248,48,0,0,0,1,0,0,1,1,1,0,0
85,24604.91,7.787876,3,0,5.714937,750.9484926,85,1,0,1,0,1,0,1,0,0,1,1
54,17391.03,14.80048,0,1,70.14018,6147.578157,54,0,0,1,0,1,0,1,0,0,1,1
72,22780.89,8.278435,0,1,22.7117,2288.984083,72,1,0,0,0,0,1,1,0,0,1,1
26,11476.29,9.656318,0,0,8.437873,923.1400229,26,1,0,0,0,0,1,1,1,0,0,0
24,29604.72,10.56558,1,2,9.453234,1174.54568,24,1,0,0,0,1,0,1,0,0,0,0
62,12154.87,11.51328,0,0,43.18866,4556.395722,62,1,0,1,0,0,0,1,0,1,0,1
36,24084.76,6.332682,1,0,8.686291,992.4258553,36,0,0,0,1,1,0,1,1,0,1,0
58,54388.32,9.89274,2,0,70.18048,6176.901388,58,1,0,0,1,1,0,1,0,1,0,1
54,31324.12,11.21140731,2,1,11.23691953,1905.350528,54,1,0,0,0,0,0,1,1,1,1,1
39,33180.77,10.11142,1,0,50.65704,4710.662382,39,0,0,1,0,1,0,1,1,0,1,1
59,38867.93,4.711767,3,0,4.267801,1078.288288,59,1,0,1,0,0,0,1,0,0,1,0
53,71215.87,6.702458265,0,1,5.02568958,811.5600648,53,0,0,1,0,1,0,1,1,1,1,1
37,35233.87,10.39968,1,0,57.07531,5427.886371,37,1,0,0,0,0,1,1,1,0,1,0
63,15468.51,2.017746,0,0,9.832835,1583.398883,63,1,0,0,0,0,0,0,1,1,0,0
59,80149.29,12.49404,2,0,56.98279,5381.845958,59,0,0,1,0,1,0,1,1,1,1,1
31,31609.92,8.776267,2,1,1.768753,736.3553892,31,0,0,0,0,0,1,1,0,0,1,0
37,7670.8,8.487369,3,0,62.12984,5803.991214,37,0,0,0,0,0,1,1,1,1,1,1
89,35559.68,8.845809,1,0,67.65646,5824.23881,89,1,0,1,0,0,1,0,1,1,0,1
68,37911.51,9.203214554,1,1,1.19808324,253.7938252,68,1,0,1,0,1,0,1,1,0,0,0
32,26896.04,8.096864,0,0,58.57229,4930.158658,32,0,0,0,1,1,0,1,0,0,0,0
33,32011.22,2.63849,1,1,53.90038,5202.411958,33,1,0,1,0,0,1,1,1,0,0,1
78,13172.44,3.191798,0,2,50.73425,4815.278288,78,1,0,1,0,0,0,1,1,1,0,1
68,14475.95,15.76032,1,0,41.18372,3603.27849,68,1,0,1,0,0,1,1,0,1,0,1
62,149959.8,12.70538,0,0,15.36862,1321.498572,62,0,0,0,0,1,0,1,1,0,0,0
56,24238.16,14.22653,0,0,63.14574,5477.047906,56,1,0,1,0,0,1,1,0,1,1,0
56,35939.37,12.48417719,1,0,1.502124145,522.7806578,56,1,0,0,0,0,1,1,0,1,1,0
86,33394.07,10.80481174,3,0,8.447638937,1162.715411,86,1,0,0,0,1,0,1,1,1,1,1
41,35600.06,11.03469,0,0,58.78687,5562.051941,41,0,0,0,1,0,0,1,0,1,0,1
84,53466.67,10.64577,1,0,66.66268,5905.250692,84,1,0,1,0,1,0,1,0,1,1,1
18,4397.39,11.2971,1,1,7.35817,961.4048126,18,0,0,0,1,1,0,1,0,0,1,1
55,22066.61,6.458755,2,0,4.459993,1014.955092,55,0,0,1,0,0,1,1,1,0,1,0
64,41895.1,10.9305,2,0,14.54834,1458.518135,64,0,0,0,1,0,1,1,0,1,1,0
73,42305.68,7.167928889,0,0,13.85187885,1716.888034,73,1,0,0,1,0,0,1,0,0,0,1
32,34871.44,10.57898048,1,3,7.363761345,1313.42902,32,1,0,0,0,0,0,1,0,0,1,0
43,23638.05,7.073792,1,0,5.493065,1178.136437,43,0,0,1,0,1,0,1,0,0,1,1
75,22189.51,9.045984,1,0,62.70376,5983.767972,75,0,0,1,0,0,0,1,0,0,1,0
74,46946.24,7.531513534,0,0,17.5841798,2356.021599,74,0,0,1,0,0,0,1,1,0,0,1
65,94296.35,11.46299,1,0,3.23817,443.3624779,65,0,0,1,0,0,1,1,0,0,1,0
72,80363.72,10.34705,1,1,7.182107,1020.408124,72,0,0,0,1,1,0,1,0,1,0,1
43,80120.44,10.35620722,0,0,7.19812868,1042.502776,43,1,0,0,1,0,1,1,0,1,1,0
23,28082.45,9.879567236,1,1,1.894776657,1052.042079,23,0,0,1,0,0,0,1,1,0,1,0
22,10000.49,13.05148,2,0,59.9755,5770.027634,22,0,0,0,0,0,1,1,1,1,0,1
75,32910.92,8.955689,2,0,14.28503,1241.590602,75,1,0,0,0,1,0,1,1,0,0,0
25,30664.56,9.580144161,4,0,17.72593456,2059.200998,25,0,0,1,0,1,0,1,0,0,1,0
59,43660.04,14.66262,1,0,2.09057,1028.550477,59,0,0,1,0,0,0,1,0,1,0,1
32,36339.45,6.172615,2,0,49.85906,4502.462771,32,1,0,0,0,0,1,1,0,1,0,0
76,53247.58,9.75859429,0,1,1.042724425,871.6644442,76,0,0,0,0,0,0,1,1,0,1,1
40,30543.93,8.376945,3,0,21.61867,1871.706612,40,0,0,0,0,1,0,1,0,0,0,0
57,82645.48,11.71395,3,1,60.45679,6007.023157,57,0,0,1,0,0,0,1,0,1,1,1
55,16735.53,8.663723,2,0,9.091454,1363.30698,55,0,0,0,1,1,0,1,1,1,0,1
39,48000.03,9.111045,0,0,47.9937,4366.897142,39,1,0,0,0,1,0,1,0,0,0,1
34,27450.8,9.403453,2,0,8.681614,1501.794265,34,0,0,0,0,1,0,1,1,1,1,1
82,54381.23,9.37573,0,0,52.60487,5048.660319,82,1,0,0,0,0,0,1,0,1,1,0
27,11672.97,12.14009,0,0,60.14645,5459.257498,27,1,0,0,0,1,0,1,0,0,0,1
69,13386.4,9.541203,0,0,28.31929,3365.186813,69,0,0,0,1,0,0,1,0,1,1,1
25,4004.2,13.35296,2,2,15.13225,2259.107162,25,1,0,0,1,0,0,0,0,1,1,1
78,61852.29,12.74847,2,0,54.28465,4681.080835,78,0,0,1,0,1,0,1,0,0,0,0
58,13090.39,3.484308,0,0,46.80924,3951.955674,58,0,0,0,1,1,0,1,1,0,0,0
36,60010.8,5.221072,2,0,11.07238,1837.391501,36,1,0,0,1,0,0,1,1,1,0,0
84,30433.22,7.860547,3,0,9.321719,1419.94259,84,1,0,1,0,0,0,1,1,0,0,1
50,17036.62,8.652966,1,1,62.57813,5857.181194,50,0,0,0,0,0,0,1,0,0,0,1
82,7723.17,9.45902039,1,0,13.56958731,2087.543903,82,0,0,0,0,0,0,1,0,1,1,1
44,61704.19,7.04916,0,0,71.34414,6361.142706,44,1,0,0,1,0,0,1,0,0,0,0
63,52391.66,3.362308,0,0,69.53443,6178.61031,63,0,0,1,0,1,0,1,0,1,0,1
18,10979.96,14.48349,1,0,61.51052,5685.67988,18,1,0,1,0,1,0,1,0,1,0,1
55,52736.32,10.82567,3,0,2.579229,860.7975297,55,1,0,1,0,0,1,1,0,0,1,1
34,17055.76,9.262147,0,0,42.64008,3948.148041,34,1,0,1,0,0,1,1,0,0,1,0
39,23502.47,10.65341,0,1,4.278907,822.5599233,39,1,0,1,0,0,1,1,1,0,1,0
34,34642.75,10.81203,0,0,42.74753,4730.05387,34,1,0,0,0,0,0,1,1,0,1,1
68,67377.48,15.3584,1,0,68.52825,6253.087064,68,0,0,0,1,0,1,1,1,1,1,1
57,19275.26,9.852096,1,0,8.664975,957.1118873,57,1,0,1,0,1,0,1,0,1,0,0
68,60661.46,8.760586,2,2,58.42415,4918.504071,68,0,0,1,0,1,0,1,0,0,1,0
88,18113.33,8.623296005,0,0,2.644787483,243.2617759,88,0,0,0,0,1,0,1,0,0,0,1
26,48582.37,11.52973,1,0,61.78014,5900.543943,26,0,0,0,1,0,0,0,0,0,0,1
80,44608.56,17.03441,1,0,65.97991,5897.274439,80,1,0,0,1,0,1,1,0,1,1,0
60,6362.26,11.48746,0,0,66.58823,5672.561903,60,0,0,0,1,0,1,1,0,0,1,1
70,30805.5,7.379511,2,0,5.799375,978.4054903,70,0,0,0,1,0,1,1,0,1,1,0
23,37542.28,10.67482,2,0,51.53674,5129.540139,23,0,0,1,0,0,0,1,0,1,1,0
47,51909.42,10.13282402,0,0,1.532973151,720.5035962,47,1,0,0,0,1,0,1,0,1,1,0
50,123763.12,7.259022839,1,0,5.201330266,665.4740915,50,1,0,0,1,0,1,1,0,1,0,0
84,30511.85,6.796972,0,0,9.254257,1574.095143,84,1,0,0,0,0,0,1,1,0,1,1
23,15449.69,9.112086,1,0,51.57289,5245.572739,23,1,0,0,0,0,0,1,0,1,1,0
88,22428.12,7.176,2,1,4.143229,558.6380046,88,1,0,0,1,0,1,1,1,0,0,1
69,21963.27,5.218632,1,1,65.66053,6294.452513,69,0,0,0,0,0,0,1,1,0,1,0
81,11922.83,11.22579,2,0,68.21625,6376.421613,81,1,0,1,0,0,0,1,1,1,0,0
66,28096.83,5.377748545,0,0,7.039839728,1116.638366,66,1,0,1,0,0,1,1,0,0,1,0
46,12531.29,7.545931,0,0,20.52701,2563.027756,46,0,0,0,1,0,0,1,1,1,0,0
51,57253.42,17.70257,0,0,63.25058,5943.184132,51,0,0,0,0,0,0,1,0,0,1,0
30,24813.82,10.86587,2,0,4.380312,1046.538825,30,0,0,1,0,1,0,0,1,0,1,1
49,27950.05,8.088610041,1,0,17.12047934,2275.16632,49,1,0,1,0,0,0,1,0,0,0,1
30,50577.25,10.31021,0,1,50.09295,4941.678785,30,1,0,0,0,0,0,0,0,1,0,0
42,50973.42,7.976555,1,1,48.62124,4625.174903,42,1,0,1,0,1,0,1,1,1,1,1
58,18436.32,8.282234,0,0,45.92276,3903.920552,58,1,0,0,1,1,0,1,0,1,0,0
49,7742.36,8.372268,4,0,55.09485,5278.98567,49,1,0,0,0,0,0,1,1,0,1,0
60,17595.42,8.974128,0,0,64.91577,5902.115401,60,1,0,1,0,0,1,1,0,1,1,0
76,12750.09,12.80149,0,0,1.324008,284.4922663,76,0,0,1,0,0,1,1,1,0,1,0
61,41959.76,11.16575,1,0,1.704751,964.1421939,61,0,0,0,0,0,0,1,0,0,1,0
62,29117.32,14.19610787,1,0,17.52138221,1866.966586,62,0,0,0,0,0,0,1,0,0,0,0
21,11075.25,15.50087,1,0,10.77918,1658.673224,21,0,0,1,0,1,0,1,0,0,1,1
32,43466.35,13.79409442,1,0,11.13472066,1397.701335,32,1,0,0,1,1,0,1,0,1,0,0
40,54741.36,10.85027,3,2,1.294635,1091.519949,40,0,0,0,1,0,0,1,0,1,0,1
24,5911.67,8.486609,1,0,42.10529,3596.735771,24,0,0,0,0,1,0,1,0,0,0,0
31,47944.46,11.11418795,0,0,7.457173484,1552.772876,31,1,0,0,1,0,0,1,0,0,0,1
74,60420.05,7.478384978,2,2,4.056889119,913.521381,74,1,0,0,1,1,0,1,0,0,1,1
24,20693.63,12.71722,0,0,67.75441,6071.169112,24,1,0,0,1,1,0,1,0,0,1,1
23,29621.97,13.31380475,1,0,6.721823696,1366.71852,23,1,0,0,1,1,0,1,0,0,1,1
56,21929.84,13.68768,0,1,65.05715,5799.574085,56,0,0,0,1,0,0,1,1,0,0,0
58,29334.74,11.05431,1,1,13.33383,1312.812193,58,1,0,0,1,1,0,0,0,0,0,0
53,44295.41,9.984016,1,1,4.597088,909.4363783,53,0,0,1,0,0,0,1,0,0,0,0
67,29224.99,2.589804,0,0,9.060745,1161.650257,67,0,0,0,1,0,0,1,0,0,0,0
85,51630.71,4.452995,2,1,41.36314,4048.983361,85,1,0,0,0,1,0,1,1,0,1,0
76,18301.98,14.32600086,1,1,9.472450618,1114.13669,76,0,0,0,0,1,0,1,0,0,0,1
48,6013.43,16.84798,0,0,66.85047,5791.466648,48,0,0,0,1,1,0,1,0,1,0,0
22,24014.24,7.675199,2,0,55.90137,5071.038201,22,1,0,1,0,1,0,1,1,1,0,0
41,15816.63,14.67864,1,0,60.7425,5241.582205,41,1,0,0,1,1,0,1,0,1,0,0
53,24311.42,9.713643,1,0,48.82939,4759.907327,53,0,0,1,0,1,0,1,1,1,1,1
72,55691.37,11.19035,1,1,20.21413,1932.932484,72,1,0,1,0,1,0,1,1,0,0,0
81,46561.38,8.703489,0,0,65.19543,5932.432985,81,0,0,0,1,0,0,1,0,0,0,1
78,36901.27,10.36027,3,1,64.05212,5441.87637,78,0,0,0,0,0,1,0,0,0,0,1
86,29966.23,9.197938249,2,0,1.00025934,1154.39778,86,1,0,1,0,0,0,1,0,0,1,0
36,56815.09,13.01529,3,1,16.48485,1952.410832,36,1,0,0,1,1,0,1,0,0,1,0
56,135516.9,12.02785,0,0,68.32614,6335.855442,56,1,0,0,0,0,0,1,1,0,1,0
25,39681.63,4.06907,0,3,4.244854,829.6494763,25,1,0,0,0,1,0,1,0,1,0,0
38,23142.81,11.36718,1,2,46.91449,4391.256935,38,1,0,0,0,0,1,1,1,0,1,0
29,50426.29,11.69924,1,1,64.88325,5864.39928,29,1,0,1,0,0,1,1,0,1,0,1
81,30082.5,10.47027,1,0,61.62652,5225.360098,81,0,0,0,1,1,0,0,0,1,0,1
38,44188.48,8.924287,0,0,51.96957,4897.15967,38,0,0,0,1,0,0,1,0,0,1,0
23,18537.85,13.03992,1,0,51.83337,4543.82768,23,0,0,1,0,1,0,0,0,1,0,0
61,32328.76,6.827054,0,1,41.63772,3975.383715,61,0,0,0,0,0,0,0,0,0,0,1
51,19119.85,14.57287,1,1,65.12042,6055.261009,51,0,0,0,0,1,0,1,0,1,1,0
69,79502.96,12.47838,0,1,65.90363,5673.501264,69,0,1,1,0,1,0,1,0,1,0,1
26,68169.91,6.075894,2,0,61.2541,6191.579895,26,0,0,1,0,0,0,1,0,0,1,1
25,18402.27,5.236234219,1,0,4.991605214,1259.735294,25,0,0,1,0,0,1,1,1,1,1,1
30,19498.34,16.12913,0,1,16.39747,2207.805016,30,1,0,1,0,0,0,1,0,1,0,0
75,28304.56,7.395776,0,2,65.14451,6104.271738,75,1,0,0,1,0,0,1,1,1,0,1
80,46622.3,11.19861363,0,0,3.365552603,380.0501404,80,1,0,1,0,1,0,1,0,0,0,1
83,40031.03,14.74975124,2,0,2.851017432,479.0156739,83,0,0,1,0,0,1,1,1,0,1,0
53,88400.03,14.57549,0,0,6.21102,1494.533376,53,0,0,0,1,0,0,1,0,0,1,1
76,62939.99,8.593968,0,0,62.96952,5476.19566,76,1,0,1,0,1,0,1,0,0,1,0
58,101681.0,8.968992,0,0,65.93881,5804.870522,58,1,0,0,1,0,1,0,0,0,1,1
20,6396.98,5.896054877,1,0,10.85959186,1561.283799,20,0,0,1,0,1,0,1,0,1,1,0
82,46381.14,7.601603,0,0,7.721518,1065.856964,82,0,0,1,0,1,0,1,1,1,0,1
68,5505.74,6.224176,1,0,7.179432,1330.308571,68,0,0,0,1,0,0,1,1,1,1,0
48,4803.58,9.321060469,0,0,13.04542381,1163.407505,48,0,0,1,0,1,0,1,0,0,0,0
61,78187.08,4.617674,0,0,45.5098,4847.023011,61,1,0,0,0,0,0,1,0,1,1,1
63,34127.24,13.31608,3,0,7.296904,1343.619348,63,0,0,0,1,0,0,1,0,1,0,1
48,6975.47,10.50011,1,0,3.459881,971.0579616,48,0,0,0,0,0,0,1,1,0,0,1
35,52473.97,9.405701,0,0,63.25532,5503.376914,35,0,0,0,0,1,0,1,0,1,1,0
67,41311.65,4.859953,1,0,67.53691,5711.519767,67,1,0,1,0,1,0,1,0,0,0,1
44,85194.69,8.566319,1,0,14.70766,2060.536764,44,1,0,1,0,0,0,1,0,0,1,0
38,13133.52,8.489095,0,1,58.66601,5084.758938,38,1,0,0,0,0,1,1,0,0,0,0
28,56178.63,3.405050602,2,0,9.183905417,987.653655,28,1,0,0,0,1,0,1,0,1,0,0
31,48781.9,8.01476,2,0,65.33904,6212.33447,31,0,0,0,1,1,0,1,0,1,1,1
24,11566.91,6.888013,3,0,57.31571,5009.452903,24,0,0,0,0,1,0,1,1,1,0,0
56,30195.71,11.13577596,2,0,2.760208796,1363.377334,56,1,0,1,0,0,0,1,1,1,0,1
42,116396.5,8.890669,0,0,13.21976,1680.40703,42,0,1,0,1,1,0,1,1,1,0,1
29,88584.08,7.336069408,0,0,18.09905454,1738.098524,29,0,0,0,1,1,0,1,0,0,0,1
51,30913.36,13.2899,3,1,65.93469,5765.178653,51,1,0,0,0,0,1,1,0,0,0,0
66,6385.6,5.546215,3,0,70.44254,6372.288678,66,0,0,1,0,1,0,1,1,0,1,1
20,21058.64,12.92843595,0,0,8.734707597,1143.017435,20,1,0,1,0,0,1,0,0,1,0,1
87,26129.83,6.292455476,3,0,4.837990763,715.3186358,87,1,0,0,1,1,0,1,1,0,1,0
45,4280.65,12.80286,0,1,8.487326,1181.038508,45,1,0,0,0,1,0,1,1,0,0,1
74,11369.93,10.77736,3,0,70.50786,6337.777813,74,0,0,1,0,0,1,1,0,0,1,1
81,61042.75,12.95862,0,1,61.19516,5645.623244,81,0,0,0,1,0,0,1,0,0,1,0
47,34638.98,13.91424,1,0,7.626943,1227.038436,47,1,0,0,1,1,0,1,0,0,1,0
43,21569.82,7.599065,0,0,44.57297,3788.13967,43,1,0,0,1,0,1,1,0,0,0,0
38,37130.15,11.54247891,2,0,3.810228199,780.2278932,38,1,0,0,0,0,1,1,1,1,1,0
75,3492.34,10.19444,0,0,10.56737,1524.959035,75,1,0,0,1,1,0,0,1,0,1,1
64,19023.99,10.71119,0,0,60.24089,5551.218207,64,0,0,1,0,0,0,1,0,0,1,0
81,28781.12,9.878807,0,3,62.35684,5695.835152,81,1,0,0,0,0,0,1,0,0,0,1
56,76785.63,9.718721513,1,1,11.58576976,1706.688082,56,0,0,0,1,1,0,1,0,0,1,1
47,13978.55,8.952255,1,1,67.83633,5731.337685,47,0,0,1,0,1,0,1,1,0,0,0
34,7326.3,9.24582929,4,1,4.861047755,1192.174805,34,1,0,0,1,0,0,1,0,1,0,0
60,3850.53,8.608975,1,0,6.452058,1361.469601,60,1,0,1,0,0,0,1,0,1,0,1
45,146518.2,3.948867,3,1,48.97044,4831.131738,45,0,0,0,0,0,0,1,1,0,1,0
76,47159.92,12.98739,1,0,66.00861,5933.314519,76,0,0,0,1,0,1,1,0,1,1,0
30,8930.13,12.89589,0,0,69.59294,6818.04834,30,1,0,0,1,0,0,1,1,0,1,0
72,97539.36,11.7725,1,0,69.81825,6556.237246,72,1,0,0,1,1,0,1,0,1,1,0
41,6034.37,10.00402,0,0,9.873117,1967.928007,41,0,0,1,0,0,0,0,1,1,1,0
64,50334.51,12.28017,0,1,6.365101,1122.270266,64,1,0,0,1,0,1,1,0,1,1,0
29,39719.11,12.20313,0,0,6.92143,820.9054953,29,1,0,0,0,1,0,1,0,0,0,0
23,18662.94,10.81617,0,1,68.56426,6463.371502,23,0,0,0,0,0,0,1,0,1,0,1
72,74061.48,5.863179258,0,0,12.4767812,1778.733282,72,1,0,0,0,0,0,1,0,1,1,0
47,37494.5,9.773637,0,0,10.86482,1877.408606,47,1,0,0,1,0,0,1,1,1,1,1
84,2635.94,10.49267,0,0,50.58579,4395.076801,84,0,0,0,0,1,0,1,0,0,0,1
68,59261.2,9.279998,1,0,59.9106,5572.923222,68,1,0,1,0,0,0,1,0,0,1,0
54,44990.6,7.534976,1,1,71.71986,6296.461831,54,1,0,0,1,1,0,1,1,1,1,0
23,93748.65,12.10227,1,1,4.370713,895.556806,23,0,1,1,0,1,0,1,0,0,1,0
89,47598.12,11.24961,2,0,58.82987,5599.136827,89,0,0,1,0,0,1,1,1,1,1,1
75,14741.19,7.832718,1,1,19.14656,1811.777309,75,0,0,1,0,1,0,0,0,0,0,0
57,33055.59,8.318932,0,0,6.597117,1384.04032,57,0,0,1,0,0,0,1,1,0,0,1
68,11541.68,8.646012,0,0,70.20999,5934.247818,68,0,0,1,0,1,0,1,0,1,1,0
80,27678.71,7.18515,2,0,65.74132,5530.214199,80,1,0,0,0,0,1,1,0,0,1,0
52,27442.03,9.372975594,1,1,6.652298992,713.0633088,52,1,0,0,1,1,0,1,0,0,0,0
18,18426.49,14.39528085,1,1,2.170567319,278.350323,18,0,0,1,0,1,0,1,0,0,0,0
18,59664.26,8.551016,0,0,42.19555,4434.823362,18,1,0,1,0,0,0,1,0,0,1,1
67,5096.68,7.235107,1,0,54.76926,5252.083564,67,1,0,1,0,0,1,1,1,1,1,1
87,31395.62,4.000136,1,1,65.42546,5640.828106,87,0,0,0,1,0,1,1,0,1,0,1
64,4109.01,10.40233023,1,0,11.46566243,1549.605718,64,1,0,0,0,0,0,1,1,1,0,0
77,62309.09,11.74663,0,2,64.63019,5595.256243,77,0,0,0,0,1,0,1,0,0,0,1
48,65229.24,9.089998883,1,0,12.78453216,1865.48625,48,1,0,1,0,0,0,1,1,1,1,0
87,5043.14,9.256176,2,0,58.34548,5567.462774,87,1,0,0,0,0,0,1,1,1,1,0
37,13722.37,9.098168,0,2,8.172776,1275.385401,37,1,0,0,0,1,0,1,1,1,0,0
24,50542.54,9.632954,1,0,53.80104,4643.404934,24,1,0,0,0,1,0,1,0,0,0,0
55,60004.46,12.74256,2,0,10.15306,1081.276543,55,1,0,1,0,1,0,1,0,1,0,0
78,12958.97,13.15864,0,1,70.72564,6283.625527,78,0,0,0,1,1,0,1,0,0,1,0
34,46502.45,8.786155,2,0,69.70038,6534.959838,34,1,0,1,0,1,0,0,0,1,1,1
50,27504.76,4.125868,1,0,2.438513,520.3000287,50,0,0,0,1,0,1,1,0,0,0,1
63,42849.02,6.856808,1,0,63.91757,5620.075514,63,1,0,1,0,1,0,0,0,1,1,0
68,58086.96,6.945499,1,0,48.17117,4760.987806,68,1,0,0,0,0,0,1,1,1,1,0
54,47991.88,6.923717,2,0,4.098818,1132.634807,54,0,0,0,0,0,0,1,1,0,1,1
74,57552.27,13.07187,0,2,23.08359,2352.994051,74,1,0,0,0,0,1,1,1,0,1,1
49,18852.52,11.36428,0,1,48.73343,4798.910859,49,1,0,0,0,0,0,1,1,0,1,0
77,28827.57,12.27876,3,0,3.595204,828.1128045,77,0,0,1,0,1,0,1,1,0,1,1
27,33704.46,15.17072,0,0,65.95332,6282.463563,27,1,0,0,0,0,0,1,0,1,0,0
21,9534.08,5.737969,2,1,3.122125,631.6069096,21,0,0,1,0,1,0,1,1,1,0,1
70,17199.86,12.16386,1,1,54.7128,4667.397297,70,0,0,1,0,1,0,0,1,1,0,1
71,55008.17,10.26151,2,1,41.51958,4443.003488,71,0,0,0,0,0,0,1,1,1,0,1
52,25046.32,10.95526,3,0,70.03794,5817.251946,52,0,0,0,0,1,0,1,0,1,0,0
37,19533.5,11.64173568,0,0,11.29271486,1882.951404,37,1,0,1,0,0,0,1,1,1,0,0
26,63352.12,14.98482,0,0,71.70793,6039.331412,26,0,0,1,0,1,0,1,0,1,0,0
83,55223.1,11.31332,1,1,63.38783,6325.364407,83,1,0,0,1,0,0,1,1,1,1,1
28,39954.22,9.261979,2,1,12.50785,1667.975198,28,0,1,1,0,0,1,1,1,1,0,1
69,40143.6,16.41048,2,0,68.78168,5859.681153,69,1,0,1,0,0,1,1,0,1,0,0
40,15836.26,13.66895,0,0,49.69121,4642.465727,40,0,0,1,0,1,0,0,1,1,0,1
52,36230.91,12.16235,0,0,66.32483,6060.021953,52,0,0,0,0,0,0,0,0,1,0,0
79,51237.28,10.61217014,3,0,12.58298231,1701.457566,79,0,0,0,1,1,0,1,0,1,1,1
24,18445.73,16.79023,1,0,14.1687,2031.234186,24,1,0,0,0,1,0,1,1,1,1,1
28,21172.49,16.54443477,1,0,22.37815032,2603.903672,28,0,0,0,0,0,0,1,0,0,0,1
18,42546.5,9.002874,0,0,7.006647,1466.448878,18,0,0,1,0,0,0,1,0,1,1,0
79,12119.43,8.595822,3,0,52.96043,4522.22905,79,1,0,0,1,1,0,1,1,0,0,1
44,100232.53,9.083448287,0,0,18.61278731,1995.346628,44,0,0,0,1,1,0,1,1,0,0,0
74,47565.54,9.966367,1,1,67.69779,6074.125643,74,0,0,0,0,0,0,1,0,0,0,1
81,13662.88,12.01335,1,0,50.85526,4382.709253,81,1,0,1,0,1,0,0,1,0,0,0
82,38069.49,15.77718,0,0,2.590677,325.5857485,82,0,1,0,1,1,0,1,0,0,0,0
40,52766.63,12.04554874,2,0,2.689103558,1138.251038,40,0,0,1,0,0,0,1,0,1,0,0
55,73225.47,11.65736,1,0,9.986348,1944.472438,55,0,0,1,0,0,0,0,1,0,1,1
21,20057.8,7.383215,1,2,2.426747,1385.269228,21,1,0,0,1,0,0,1,1,0,1,0
88,23319.4,11.23294,0,1,71.57518,6517.6079,88,0,0,0,1,0,0,1,1,0,1,0
76,114609.0,8.14229928,1,1,7.320050181,954.4058631,76,0,0,0,0,0,0,1,0,0,0,0
67,52212.6,9.109236,0,1,60.17035,5352.745495,67,1,0,1,0,0,1,1,0,1,1,1
52,58120.56,10.53777,1,0,71.44783,6203.067904,52,0,0,0,1,1,0,1,1,1,0,0
48,25299.48,10.16142541,1,0,3.288124191,627.0001275,48,0,0,1,0,1,0,1,1,1,0,0
79,52141.38,4.984535,1,2,20.32585,1989.74777,79,1,0,0,0,0,1,1,0,1,1,0
74,40818.2,10.09707,0,1,70.27281,5924.003898,74,0,1,0,1,1,0,1,0,0,0,0
47,68898.0,4.46616,0,2,60.46946,5552.61263,47,1,0,0,1,0,0,1,0,0,0,0
68,75171.75,5.960738,1,0,62.59338,5942.048606,68,0,0,0,1,0,0,1,1,1,0,0
28,32731.53,13.23481,1,0,25.69631,3298.322775,28,0,0,0,0,0,0,1,1,1,1,1
87,22635.96,16.00915,0,0,70.54541,6568.053155,87,0,0,1,0,0,0,1,0,0,1,1
22,12211.05,11.69401,0,0,2.348003,562.038508,22,1,0,0,0,0,1,1,1,0,0,1
86,69014.19,10.58554141,0,0,7.195810535,1409.882802,86,0,0,1,0,0,0,1,0,0,1,0
59,38188.95,11.38973,2,0,58.29773,5256.320982,59,1,0,1,0,0,1,1,0,1,1,1
50,23753.54,7.064722,0,0,3.088732,785.2993593,50,0,0,0,1,0,0,1,0,0,0,0
48,24034.97,9.864571407,2,3,5.567028377,1207.740526,48,1,0,0,1,0,0,1,0,0,1,1
25,30324.88,11.14727,3,1,1.849221,778.5344798,25,1,0,0,0,0,1,1,0,1,0,1
28,13366.53,4.705946,0,0,15.54856,1835.681416,28,1,0,0,0,1,0,1,0,1,0,1
63,13133.31,17.66693,0,0,68.29079,6001.347694,63,1,0,0,0,1,0,1,0,1,0,1
33,29438.79,16.01829,0,1,50.48601,4460.120921,33,0,0,0,1,1,0,0,0,0,0,0
43,26157.03,13.83721,2,1,57.33546,5658.119795,43,0,0,0,1,0,0,1,0,1,0,1
82,56960.58,14.57952,0,0,60.6238,5450.67953,82,0,0,0,0,0,0,1,0,1,0,1
66,5601.94,13.63078539,0,1,29.70527547,3293.015758,66,0,0,0,1,0,0,1,0,1,0,1
79,69833.88,8.989878,2,0,5.628186,650.4414677,79,0,0,0,0,1,0,0,0,0,1,1
45,50766.63,13.21732,0,0,66.72045,6241.530828,45,1,0,1,0,1,0,1,0,0,1,1
25,23367.98,13.79996,3,0,21.26763,2327.656652,25,0,0,1,0,0,0,1,0,0,0,1
24,19038.78,13.04429298,1,0,24.64873861,2660.503932,24,0,0,0,0,1,0,1,0,0,1,0
44,29615.36,7.978277,2,1,59.50705,5130.51612,44,1,0,0,1,0,1,1,0,1,0,0
39,4003.56,8.142745,0,0,64.92325,6071.410686,39,0,0,0,0,0,0,1,0,1,0,1
61,954.43,6.440184,0,1,63.05421,5962.861013,61,0,0,0,0,0,0,1,0,0,0,1
36,29547.56,11.08317,0,1,41.94323,4185.58497,36,0,0,0,0,0,0,1,1,1,0,0
47,11185.44,12.78383,0,0,66.7439,5899.695132,47,1,0,0,1,1,0,1,0,1,1,1
77,26011.14,6.464209,1,0,66.05097,5983.812869,77,1,0,0,0,1,0,1,1,1,1,0
61,35388.48,8.587338,2,1,3.172425,456.0822503,61,0,0,1,0,1,0,1,1,1,0,0
50,49740.98,9.051251778,0,0,12.96208301,1848.639719,50,0,0,1,0,0,0,0,1,1,0,1
72,27660.28,5.833716636,0,0,9.94963312,882.5591385,72,1,0,1,0,1,0,1,0,0,0,0
83,3905.36,4.066808,0,1,65.87412,5557.721713,83,1,0,0,1,1,0,1,0,0,1,0
31,88981.56,1.276438,0,0,18.67357,1971.643189,31,0,0,1,0,0,1,1,0,1,0,0
78,33298.78,6.721308,1,0,66.12623,6360.531849,78,1,0,1,0,0,0,1,1,0,1,0
41,13865.91,12.88305,0,0,56.40424,5080.902489,41,1,0,1,0,1,0,1,0,1,1,0
37,35801.05,11.04908,0,0,3.046588,793.3207298,37,1,0,0,0,1,0,1,0,0,0,1
35,39473.86,9.761578,1,0,61.78097,5222.892116,35,0,0,1,0,0,1,1,0,1,0,0
36,22289.83,6.732913,2,1,37.90754,3794.802552,36,1,0,0,0,0,0,1,1,0,0,0
33,13599.19,7.645128,1,0,68.41013,5971.515636,33,1,0,0,1,1,0,1,0,0,0,0
43,30566.35,15.626,0,0,70.61283,6127.671061,43,0,0,0,0,1,0,1,0,0,0,0
82,14510.63,11.54422,4,0,47.77384,4761.06852,82,0,0,0,0,0,0,1,0,1,1,0
30,50258.38,13.75498892,1,0,4.801969514,639.3261343,30,0,0,0,1,1,0,1,0,0,0,0
42,83543.98,13.06108,2,1,69.97252,6589.069717,42,1,0,1,0,0,0,1,0,1,0,0
40,38060.22,9.735735,1,0,68.96601,6254.208798,40,0,0,0,1,0,0,1,0,1,0,0
89,22562.87,8.499512,0,0,64.95682,5914.349979,89,0,0,1,0,0,0,1,0,1,1,0
24,17280.46,9.980935,1,0,51.27317,4927.165029,24,0,0,1,0,0,0,0,0,0,1,0
60,5378.77,10.30129,0,0,42.38378,3982.646072,60,0,0,0,0,0,0,1,0,0,0,0
78,11520.48,15.30999,1,0,12.85929,1303.045672,78,1,0,0,0,1,0,1,0,0,0,0
26,9362.64,12.49043,0,0,58.97505,5813.10524,26,1,0,1,0,0,0,1,0,1,1,1
36,138723.0,9.996646,1,0,1.20533,1192.839844,36,0,0,0,1,0,0,1,0,1,1,0
74,20698.04,9.71297,1,1,25.32558,2914.993204,74,1,0,0,1,1,0,1,1,1,1,1
58,15635.34,14.6305,2,0,63.36271,6078.982231,58,1,0,0,1,0,0,1,0,0,1,0
25,163156.7,14.63927,3,1,53.03214,4958.925244,25,1,0,0,1,0,1,1,1,1,0,1
87,4523.8,13.69110294,1,0,15.59096202,1826.678884,87,1,0,0,1,0,0,1,0,1,0,1
22,37622.41,12.27167,0,1,12.57306,1614.234523,22,1,0,0,0,1,0,1,0,1,0,0
49,3780.35,7.332892,0,1,68.63549,6081.602554,49,0,0,1,0,0,1,1,1,1,0,0
40,35849.72,14.35913,1,0,10.29318,1207.830056,40,1,0,0,0,0,1,1,0,1,0,0
25,28965.25,9.708487,0,0,9.307673,1067.709253,25,0,0,0,0,1,0,1,0,0,0,1
43,17914.7,10.98961,2,0,70.70127,5877.534771,43,0,0,1,0,0,1,1,0,0,0,0
46,18493.34,9.278437133,1,0,7.757685471,1772.090821,46,1,0,0,0,0,0,1,0,1,1,1
21,31881.36,9.900113,1,0,56.82842,6012.6506,21,1,0,0,1,0,0,1,0,1,1,1
62,57559.65,10.02798635,1,0,4.933319572,854.4182496,62,1,0,1,0,1,0,1,0,1,0,1
74,75295.21,12.49263,0,0,20.13722,2083.650225,74,0,0,0,0,1,0,1,1,1,1,1
50,82809.36,13.13153,1,2,9.705314,1109.724061,50,1,0,0,1,0,1,1,1,1,0,0
66,4846.55,4.146676,2,0,56.05929,5175.601342,66,0,0,1,0,0,1,1,0,1,1,0
85,32832.4,9.578404,2,1,58.09117,5108.903002,85,1,0,0,1,0,1,1,1,1,1,0
43,22246.04,7.605829,1,0,60.23312,5280.921374,43,0,1,0,0,0,1,0,0,0,0,1
55,12526.34,12.17705,1,0,7.461144,1296.523969,55,0,0,0,0,0,0,1,0,0,0,0
32,90780.38,10.04844,0,0,39.23505,4093.69412,32,0,0,1,0,0,0,1,0,1,1,1
27,12211.88,12.2056,0,0,1.887597,628.4063951,27,1,0,1,0,1,0,1,0,0,0,1
20,15200.71,9.12824,1,0,12.22703,1782.043347,20,1,0,1,0,0,0,1,0,0,1,0
75,31185.66,7.257865,0,0,59.52044,5736.40115,75,1,0,1,0,0,0,1,1,1,0,1
72,20465.98,10.10886,1,1,8.257765,825.6485531,72,0,0,1,0,0,1,1,0,0,1,0
35,60405.56,6.155514,2,0,59.1861,5710.355112,35,1,0,0,0,0,0,1,1,1,0,1
18,21768.05,14.60563,0,0,8.387889,1377.344633,18,1,0,0,1,1,0,1,1,1,0,1
19,15332.39,11.04764,0,2,54.98522,5166.92619,19,0,0,0,1,1,0,1,0,0,1,0
43,34164.73,15.53819,0,0,64.2522,5722.812198,43,1,0,0,0,0,1,1,0,0,0,1
65,39999.89,10.86174,0,1,4.075856,721.7486176,65,1,0,1,0,1,0,1,0,0,1,0
37,26049.03,14.69431857,2,1,7.443067222,1190.580006,37,0,0,0,1,1,0,1,1,1,0,1
58,56244.33,14.69714,1,0,46.24636,4338.467486,58,1,0,0,1,0,1,1,1,0,1,1
80,13502.99,9.762221,1,1,39.7266,3246.325481,80,0,0,0,1,1,0,1,0,0,0,1
68,78575.26,9.753085,0,1,68.40649,5879.343088,68,1,0,0,1,0,1,1,0,1,0,1
64,83953.98,10.56770254,2,0,3.861708438,853.1123448,64,0,0,0,0,0,0,1,1,0,0,1
83,25314.39,8.279719,0,0,63.72195,5624.671786,83,0,0,0,1,1,0,1,1,1,0,1
66,64478.9,9.983428,0,0,8.846877,1351.805265,66,0,0,1,0,0,0,1,1,0,0,0
43,71027.51,9.775283,0,0,61.6107,5184.174341,43,1,0,0,0,0,1,1,0,0,0,0
68,39975.25,11.55985,2,0,69.01301,6292.807402,68,0,0,0,0,1,0,1,1,1,1,1
27,41466.61,7.542706,1,2,64.88052,6167.49975,27,1,0,1,0,0,0,1,0,1,0,0
25,33667.36,3.525843,0,0,45.34514,4832.995631,25,0,0,1,0,0,0,1,1,0,1,1
27,9791.48,11.15522,2,0,7.129721,905.0282527,27,1,0,0,0,1,0,1,1,0,0,0
52,22831.25,7.665977,0,0,48.1707,4367.397207,52,0,1,0,0,0,1,1,1,0,0,0
35,14953.78,13.83450553,0,0,3.784962992,1341.595521,35,0,0,1,0,0,0,0,0,1,1,0
55,34502.38,11.37883,0,0,3.267702,1271.632278,55,0,0,0,0,0,0,1,0,0,1,0
66,37276.49,4.12754,0,0,57.62165,5473.238444,66,0,0,1,0,0,0,1,0,0,0,0
32,125034.1,8.74571,1,0,56.56921,5056.498128,32,1,0,0,0,1,0,1,0,0,1,1
23,26052.46,12.0222,3,0,58.47429,5229.577832,23,1,0,1,0,0,1,1,1,0,0,1
19,28887.1,13.04317,3,1,48.49962,4596.831004,19,1,0,0,0,0,1,1,1,1,0,1
36,31975.58,13.92475,1,1,55.87037,5702.76012,36,0,0,1,0,0,0,1,0,1,1,0
70,14219.58,11.16404955,0,1,17.37839741,1815.9129,70,0,0,0,1,1,0,1,0,1,1,1
71,70135.92,11.64063,1,0,60.26386,5645.809212,71,0,0,0,0,0,0,0,1,0,0,0
61,108956.8,7.357459,1,1,43.40615,4472.040669,61,0,0,0,1,0,0,1,0,1,1,0
28,6057.28,11.32266,0,0,64.28134,5975.890408,28,1,0,1,0,1,0,1,1,0,1,0
42,47987.84,13.99538,0,0,5.850283,995.3738841,42,1,0,0,0,1,0,1,0,0,1,1
58,56855.18,8.180039,1,0,68.19429,5769.653638,58,0,0,0,0,1,0,1,0,1,0,0
86,40628.46,12.11645,1,0,1.200106,336.3711095,86,0,0,1,0,1,0,1,1,1,0,0
55,36932.56,2.355031,1,0,52.20049,4782.949918,55,1,0,1,0,0,0,1,0,0,0,0
64,34467.27,12.55217,2,0,38.65509,3451.316704,64,1,0,0,1,1,0,1,0,0,1,0
34,109373.69,7.953632262,2,0,4.526667855,1259.528321,34,0,0,1,0,0,0,1,1,1,1,0
35,50195.66,13.69828326,0,0,7.226076469,1123.971139,35,0,0,1,0,1,0,1,1,0,1,1
67,23372.7,12.69243,0,0,60.89564,5696.26264,67,0,0,1,0,1,0,1,0,0,1,1
48,21064.75,10.4962468,1,0,4.768869377,771.6292755,48,1,0,1,0,1,0,1,1,0,1,0
24,66702.94,12.9605554,1,0,15.08846657,2072.561109,24,1,0,1,0,0,1,1,0,1,1,1
66,19161.27,6.776805,0,1,3.147832,562.8048829,66,0,0,0,1,0,1,1,0,0,0,1
28,58391.65,10.14164,3,0,68.97498,6296.620487,28,0,0,0,1,0,1,1,0,0,0,1
63,26828.46,12.34399,0,0,51.05765,4430.640106,63,0,0,0,1,0,1,1,0,0,0,1
20,6416.11,13.56589,0,0,57.10624,5092.967553,20,0,0,1,0,1,0,1,0,0,0,1
41,46231.66,15.29874,1,0,50.7426,4865.980872,41,0,0,0,1,0,1,1,0,0,1,0
58,4174.13,7.143661,1,2,62.76753,5811.165878,58,0,0,1,0,0,0,1,0,1,0,0
30,35515.33,11.93453,0,0,57.96945,5168.943477,30,1,0,0,1,1,0,0,0,1,1,0
60,69158.18,9.883574,0,1,60.96912,5228.641848,60,1,0,0,0,0,1,1,0,1,0,0
48,45688.19,8.940009,2,0,11.43916,1286.132827,48,0,0,0,0,0,1,1,1,1,0,1
89,24865.85,6.72503168,2,0,7.599617029,920.3847194,89,0,0,0,0,1,0,1,1,0,1,0
41,77706.42,11.85505,0,0,23.38469,2559.878176,41,0,0,1,0,1,0,1,0,1,1,0
30,26759.64,7.791632265,0,0,4.26425515,979.6127078,30,0,0,1,0,0,0,0,0,0,0,1
83,30885.95,7.30183,3,1,63.83787,6274.202037,83,1,0,0,1,0,0,1,1,1,1,1
26,57595.26,9.162568,1,1,44.54138,3999.505021,26,0,0,0,1,1,0,1,0,1,1,0
21,43915.04,11.12242,0,0,57.55841,5130.859668,21,0,0,0,1,1,0,1,0,0,1,0
80,23283.91,10.15999,1,0,63.9916,6215.478436,80,1,0,1,0,0,0,1,0,1,1,0
76,54067.41,10.43971,1,0,5.448172,1540.445045,76,1,0,0,0,0,0,1,1,0,1,1
51,86039.43,8.683074501,1,1,3.787548072,798.4275185,51,1,0,0,1,0,0,1,0,0,0,0
67,48134.77,10.84393,1,1,66.38881,6008.707062,67,1,0,1,0,1,0,1,0,0,1,1
62,17264.79,11.91904,0,0,14.6317,1655.231847,62,1,0,0,0,0,0,1,0,0,0,0
40,50455.61,9.329676,0,0,62.07809,5893.413959,40,0,0,0,1,0,0,1,1,0,0,1
67,47375.49,11.62995,2,1,11.9781,1704.872057,67,0,0,1,0,0,1,1,1,1,1,1
52,38119.34,9.586917162,2,0,10.50397242,1375.909262,52,0,0,0,0,0,1,1,0,1,1,0
28,48983.82,5.233566,2,0,66.13511,6121.42438,28,0,0,0,0,0,0,1,0,0,1,0
20,42461.74,14.62764,1,1,17.98715,2047.681612,20,0,0,1,0,0,1,1,1,1,1,1
66,42972.71,11.91416,2,0,59.40963,5622.709975,66,1,0,0,1,0,0,1,1,1,0,1
84,9273.52,8.497383,1,1,65.37201,5631.487821,84,0,1,0,0,1,0,1,1,0,1,1
19,37461.63,9.424779,0,0,14.31807,1924.414895,19,0,0,1,0,1,0,1,0,0,1,1
61,9327.52,9.904595,2,0,4.63962,1439.765003,61,1,0,0,0,0,0,1,1,0,1,0
83,11150.32,11.01585,1,2,67.85251,6172.3134,83,0,0,0,1,0,0,1,0,1,0,0
84,29511.28,8.685498,1,2,53.99857,5055.502095,84,1,0,1,0,0,0,1,0,1,0,1
58,12883.78,6.752764,1,0,56.37649,5088.824488,58,1,0,0,1,0,0,1,0,0,0,0
78,27235.84,6.681633242,1,0,14.26615817,1696.133718,78,0,0,0,1,0,0,1,0,1,0,1
76,17355.79,9.738467,0,0,58.50292,5269.166004,76,0,1,0,1,0,0,1,0,0,0,1
19,21141.05,6.532628,2,0,53.77195,5185.302334,19,1,0,1,0,0,0,1,0,0,0,1
72,4916.91,17.49332639,1,2,1.068799086,504.9814106,72,1,0,0,0,0,1,1,0,1,0,1
82,8519.2,11.45584,0,0,14.36438,1445.998649,82,0,0,0,0,1,0,1,0,1,1,0
63,32525.69,3.712647,2,1,66.46538,6277.545967,63,1,0,1,0,1,0,1,0,1,1,1
23,12072.44,7.010398119,0,0,14.37727698,2033.164639,23,1,0,0,0,0,1,1,0,1,0,1
24,17298.74,15.26212,1,1,71.27557,6321.378623,24,0,0,1,0,1,0,0,0,1,1,1
35,30716.0,8.898893,0,0,70.79817,6104.10638,35,0,0,0,1,0,1,1,0,0,0,1
54,40257.26,11.06218,0,0,19.01406,2171.232828,54,0,0,0,1,1,0,1,1,0,1,1
28,18410.16,9.417040882,1,0,2.768037617,570.1301629,28,0,0,0,0,1,0,1,0,1,1,0
60,27715.71,7.901381,1,0,55.591,5192.718983,60,1,0,0,0,0,0,0,0,1,0,1
28,15535.84,13.16727,1,0,62.6093,5626.093885,28,1,0,0,0,1,0,1,0,0,1,1
84,129137.2,12.77231,1,1,66.89101,6197.152457,84,0,0,0,1,0,0,1,1,1,0,1
76,35415.95,12.36724,3,0,70.4936,6099.562776,76,1,0,0,1,1,0,1,0,0,0,1
69,13626.49,10.39457,0,0,15.88445,2131.892874,69,1,0,1,0,0,0,1,0,1,0,1
71,10922.91,13.32505,1,1,54.59144,4971.679712,71,1,0,0,0,0,1,1,1,1,0,0
81,42859.18,3.590889,0,0,71.34241,6166.675945,81,0,0,0,0,1,0,1,1,1,1,0
28,29743.38,14.77223,1,0,11.13625,1606.733876,28,0,0,0,1,0,0,1,1,0,0,0
68,5540.89,8.484833,0,0,15.62643,1624.869828,68,1,0,0,0,1,0,1,0,0,1,1
44,24283.07,8.6976,1,0,53.96674,4683.762963,44,1,0,0,1,1,0,1,0,0,0,0
34,47017.43,12.82818,1,0,25.72493,2354.102724,34,1,0,0,1,1,0,1,0,1,0,0
39,54471.65,8.278970561,0,1,6.509951549,1354.241904,39,1,0,0,0,0,0,1,0,0,0,1
75,19408.35,14.52197,1,0,62.10686,5287.642545,75,0,0,0,1,1,0,1,1,1,0,1
64,28091.18,8.259143,0,0,62.98765,5632.641719,64,0,0,0,0,0,1,1,0,1,1,0
38,45150.63,14.61731,0,0,11.70321,1725.42639,38,1,0,0,1,0,0,1,1,0,0,0
43,9124.29,14.87070352,3,1,7.455148937,1116.825249,43,1,0,1,0,0,1,1,1,0,1,1
43,78661.45,10.20451845,1,1,4.187033385,437.8833399,43,0,0,0,0,1,0,1,0,0,0,0
43,86197.3,8.801901,1,0,60.51339,6015.198197,43,0,0,0,1,0,0,1,1,0,1,0
73,65905.54,12.21062,0,0,5.656086,859.2099751,73,0,0,0,0,0,1,1,1,1,1,1
40,69433.42,4.386127,1,2,11.3031,1217.604663,40,0,0,0,0,1,0,1,1,1,0,0
40,115239.5,8.77415,0,0,48.95286,4246.521336,40,1,0,1,0,0,1,1,0,0,0,1
84,15721.08,6.214598,1,1,43.73697,4458.846728,84,0,0,1,0,0,0,1,0,1,1,0
86,11050.03,9.614348,1,1,62.4021,5737.637102,86,0,0,0,1,0,0,1,1,0,0,1
21,40948.07,10.31007,1,0,1.530293,814.3727251,21,1,0,0,0,1,0,1,0,0,1,1
74,8882.51,16.53887592,3,0,5.36237356,545.6211065,74,1,0,0,1,1,0,1,0,0,0,0
29,36470.53,4.254491,2,1,8.03514,798.0189824,29,0,0,1,0,1,0,1,1,0,0,0
29,41079.27,10.47477,0,1,3.059231,955.1927172,29,0,0,0,1,0,0,1,0,0,0,0
78,29515.26,7.897277,2,0,60.04586,5509.232295,78,0,0,0,1,0,0,1,1,0,0,1
57,8515.02,8.985947449,0,0,11.75090487,1357.774068,57,0,0,0,0,1,0,1,0,0,1,1
55,24164.69,11.71123,2,0,10.10287,990.4553964,55,0,0,0,0,1,0,1,0,1,0,1
71,68803.52,10.77725,1,0,56.3981,4899.24202,71,0,0,0,0,1,0,0,0,0,0,1
37,13383.49,6.157267,0,0,8.770703,1265.511252,37,1,0,1,0,0,1,1,0,0,1,0
82,13148.1,11.72484,0,0,6.135015,877.3671989,82,1,0,1,0,1,0,1,1,0,0,1
85,36674.22,9.698319,1,0,65.3851,5902.542522,85,1,0,0,0,0,1,1,1,1,0,0
58,23080.06,8.421514,0,0,2.347884,616.2094946,58,0,0,0,1,1,0,1,1,1,0,1
40,91951.17,6.627342,1,0,58.96627,5046.281771,40,0,0,0,0,1,0,1,0,0,0,1
44,57644.66,13.18140871,3,1,6.485770796,1291.915318,44,1,0,0,1,0,0,1,0,1,0,0
60,19603.48,7.38333,0,0,68.69992,6215.161258,60,1,0,0,1,0,0,1,0,0,0,0
49,9043.47,11.33568,0,2,71.02256,6399.222377,49,1,0,1,0,0,0,1,0,1,0,0
48,60555.18,13.27431,0,1,17.08264,2160.951234,48,1,0,0,0,0,0,1,0,0,0,0
39,61815.08,10.65972,1,0,69.8304,6771.506746,39,1,0,0,1,0,0,0,1,0,1,0
62,23332.27,12.75014,1,1,67.76579,5708.957593,62,0,0,0,1,1,0,1,0,0,0,0
77,36779.58,7.371937,2,0,70.92476,6483.348101,77,0,0,1,0,0,0,1,0,0,0,1
22,15905.44,12.18608,1,0,5.962119,1288.594508,22,0,0,0,0,1,0,0,0,1,1,1
71,82960.42,9.885701354,0,1,4.589210527,618.4967851,71,1,0,1,0,0,1,1,1,0,0,0
71,30935.61,5.034833,0,0,71.3757,6129.316509,71,1,0,1,0,1,0,1,1,0,0,1
88,23239.53,7.898726,1,0,62.30113,5352.201748,88,1,0,1,0,1,0,0,0,0,0,0
79,21406.95,13.50438,3,0,71.50974,6564.863417,79,0,0,0,0,0,0,1,0,0,1,1
77,32364.17,14.55059,2,0,44.61375,3939.000784,77,1,0,1,0,1,0,1,0,0,0,0
69,55365.37,11.13796,1,2,11.61657,1454.178463,69,0,0,0,1,0,0,1,0,0,0,1
73,17822.29,8.484795,2,1,7.348682,1113.10611,73,0,0,0,0,1,0,1,0,0,1,0
73,32631.96,9.687778,0,0,61.84801,5526.487954,73,1,0,0,0,1,0,1,1,0,1,1
30,74742.53,10.0151,1,0,55.81802,5071.720337,30,0,0,0,0,1,0,1,1,0,0,1
35,25405.05,8.915517,1,1,57.89585,5128.90263,35,1,0,1,0,1,0,1,0,0,1,1
60,21294.13,8.357857,1,0,46.12627,4149.822715,60,1,0,0,1,1,0,1,1,1,0,0
63,42613.78,11.10537,5,0,12.50419,1636.48816,63,0,0,0,0,0,0,1,1,0,0,1
18,14551.81,7.594244,2,0,57.50554,5133.478559,18,0,0,0,1,1,0,1,0,1,1,0
71,6908.55,4.826642,1,0,8.710976,1450.84591,71,0,0,0,0,0,0,1,0,0,0,1
46,29876.17,8.063885304,0,0,5.260136013,1502.677072,46,0,0,0,1,0,0,1,0,1,1,0
77,12416.94,11.85073,2,1,14.13869,1672.619185,77,1,0,0,1,1,0,1,0,0,1,0
50,72431.08,12.06559,1,2,53.36122,4855.947409,50,0,0,1,0,0,1,1,0,0,1,0
44,68269.35,12.54175,1,0,11.4255,1452.597026,44,1,0,0,1,1,0,1,0,0,0,1
40,21334.55,8.568261,1,0,8.473966,1208.504726,40,1,0,1,0,0,1,1,1,0,1,0
35,67999.95,13.47448,0,0,53.91114,4810.280705,35,1,0,0,0,1,0,1,1,0,0,1
42,18470.04,6.683151371,3,1,21.04742054,2154.298838,42,1,0,1,0,1,0,1,0,0,1,1
43,12824.19,10.21764,0,0,48.50031,4429.501145,43,0,0,1,0,1,0,0,1,0,0,1
18,23775.33,11.02449018,2,1,3.976305626,743.4780761,18,1,0,0,0,1,0,1,1,0,1,0
27,6424.15,6.056073185,3,1,13.17849974,1328.747604,27,0,0,1,0,1,0,1,1,0,0,0
73,54703.41,7.438129,0,0,67.11266,5605.5846,73,0,0,0,1,0,1,1,0,0,0,1
85,32153.72,12.26177,2,2,7.277274,877.0780549,85,1,0,0,1,1,0,0,0,1,0,0
49,146951.6,7.831413,1,0,14.37481,1593.966861,49,0,0,0,0,1,0,1,0,0,0,1
37,28711.17,8.567386,1,0,61.51366,5471.040392,37,0,0,0,0,1,0,1,0,0,0,1
18,2995.33,9.331181,1,1,16.16886,2657.509636,18,0,0,0,0,0,0,1,1,1,1,1
58,77599.57,5.919417,1,1,50.63449,4507.354465,58,1,0,1,0,1,0,1,1,0,1,0
32,38645.12,10.77891,1,1,66.07094,5753.259075,32,1,0,0,0,1,0,1,1,0,0,0
82,57339.59,8.890401,1,0,71.96235,6292.15687,82,1,0,1,0,1,0,1,1,1,1,0
30,24105.02,11.98229,0,0,65.62722,5890.098766,30,1,0,0,0,1,0,1,1,0,0,0
77,49081.31,10.74555,2,0,49.22663,4674.111818,77,0,0,0,1,1,0,1,1,0,1,1
44,19620.4,10.30722,1,0,6.971587,1090.821866,44,1,0,1,0,1,0,1,0,0,1,0
24,22041.68,5.919886,2,0,5.147213,1394.025763,24,1,0,1,0,0,0,1,1,0,0,1
56,32002.74,6.628418,0,0,56.83604,5329.246171,56,0,0,0,1,0,0,1,0,0,1,0
37,9708.23,11.22367,0,0,8.980916,1931.414865,37,1,0,0,1,0,0,1,1,0,1,0
28,34538.89,5.275573,1,0,5.358251,1259.0664,28,0,0,0,1,0,0,1,0,1,1,1
54,121055.6,7.246841,3,0,7.047021,1260.9421,54,1,0,1,0,1,0,1,0,0,1,1
83,38830.69,8.490236,1,0,37.52707,3802.601867,83,0,0,1,0,1,0,1,1,0,1,0
31,29467.49,9.108143,2,0,7.387825,1411.701061,31,0,1,0,1,0,0,1,0,1,1,1
42,100076.65,10.79349982,3,0,7.960490246,1416.444695,42,0,0,0,0,0,0,1,1,0,1,1
68,12114.71,7.95348,1,1,11.66425,1581.415147,68,0,0,0,0,0,0,1,0,1,1,0
87,86105.44,10.90014,0,0,9.298353,1074.116423,87,1,0,1,0,1,0,0,0,0,0,0
71,22183.52,15.26331077,2,1,12.42216588,1488.81735,71,1,0,1,0,0,1,1,0,1,1,1
69,80110.69,7.407723,2,0,58.04171,5417.412777,69,1,0,0,0,0,0,1,0,0,0,0
40,25977.73,9.523458,1,0,53.19577,4890.236009,40,0,0,0,1,0,1,1,0,1,1,1
45,40710.63,11.28911933,1,0,15.56696462,2247.823032,45,0,0,0,0,0,0,1,1,1,0,1
27,40293.84,10.57626,0,0,45.7211,4676.648543,27,0,0,1,0,0,0,1,0,1,1,1
54,8996.2,9.355553,2,0,7.633753,1227.405249,54,1,0,0,1,1,0,1,1,1,1,1
61,19367.11,14.0923,1,0,67.13199,5935.756323,61,0,0,1,0,0,1,1,1,1,1,1
58,20204.74,16.26782621,0,0,17.6210362,1586.699491,58,0,0,1,0,1,0,1,1,0,0,1
60,4247.27,11.07446,0,0,29.38102,2754.774128,60,1,0,0,0,1,0,1,0,1,0,1
34,71603.66,13.82562816,0,1,8.831489129,1185.69317,34,0,0,0,1,0,1,1,1,1,1,1
44,51321.51,9.718876,0,0,59.81234,5111.961455,44,0,0,1,0,0,1,1,0,0,0,0
74,18527.27,17.24567,1,1,6.791156,797.3327965,74,0,0,0,1,1,0,1,0,0,1,0
35,45571.68,4.211338,1,1,5.624237,1674.511863,35,1,0,0,0,0,0,1,0,1,1,1
28,93285.19,7.797079,1,0,61.29358,5289.954359,28,0,0,1,0,0,1,1,1,0,0,1
25,54215.43,5.422522,1,0,58.31897,5326.224652,25,1,0,0,1,0,1,1,1,1,0,1
62,20613.16,6.252401,1,0,2.917886,945.7273128,62,0,0,0,0,0,0,1,1,0,0,0
45,49397.39,11.74755,0,1,55.34066,4862.205431,45,1,0,1,0,1,0,1,1,0,0,0
20,119318.8,8.373684,1,0,14.87243,2163.007664,20,0,0,0,0,0,0,1,1,0,0,1
79,45633.91,7.412049,2,0,17.25514,1967.228079,79,1,0,1,0,0,0,1,0,1,0,0
24,50965.27,14.22707,0,0,2.251237,1389.833754,24,0,0,0,0,0,0,1,0,1,1,0
72,7524.77,9.74065027,3,0,10.54165852,1773.915003,72,0,0,1,0,0,0,1,0,1,1,0
85,72791.51,9.218716,2,1,5.446201,589.6981979,85,0,0,0,0,1,0,1,0,0,0,1
76,25114.38,9.473029,1,0,3.493433,882.4522754,76,1,0,0,0,1,0,1,0,0,0,1
35,36384.62,15.56284947,1,0,3.317348927,1258.06366,35,1,0,0,0,0,0,1,1,1,0,1
80,129628.7,10.60642,2,0,11.91973,1860.602438,80,0,0,1,0,0,0,1,0,1,1,0
61,16706.02,11.13291822,1,1,1.387575524,851.811469,61,1,0,0,0,0,0,1,0,0,1,0
49,18556.35,14.35567,1,1,58.79896,5547.293219,49,1,0,0,0,1,0,1,1,1,1,0
57,16921.75,9.008013496,1,0,15.1418246,1503.123653,57,0,0,0,1,0,1,1,0,0,0,1
87,44669.47,3.521663,2,0,58.64675,5627.453779,87,1,0,0,1,0,0,1,1,0,1,1
76,48206.11,8.583463,0,0,4.192662,700.7755614,76,0,0,1,0,1,0,0,0,1,0,1
26,81108.99,8.991643,1,0,52.60822,5249.057419,26,1,0,0,0,0,0,1,1,0,1,0
50,18238.62,10.5694,2,1,3.699808,1141.442182,50,1,0,1,0,0,0,1,0,0,0,1
86,46164.49,12.82752,2,0,56.26602,4936.469796,86,0,0,1,0,0,0,1,0,0,0,0
35,32399.51,6.271196467,1,0,10.34327947,1224.604104,35,1,0,1,0,1,0,1,0,1,0,0
42,30649.31,12.65015936,2,2,14.76468813,1963.332683,42,1,0,1,0,0,0,0,0,0,1,0
52,82955.59,10.64343,2,0,15.10612,2006.056116,52,1,0,0,1,0,0,1,1,1,0,0
62,42076.21,7.428239784,3,1,6.588311936,751.8733285,62,1,0,0,0,1,0,1,1,0,0,1
28,41955.27,12.03070714,4,0,5.511437756,910.210446,28,0,0,0,0,0,1,1,0,0,0,0
56,8357.33,6.072944,1,0,52.62406,4663.298678,56,1,0,0,0,0,1,1,0,0,1,0
79,29254.96,13.64677,0,0,64.47076,6033.647017,79,1,0,1,0,0,0,0,0,0,1,0
23,78026.55,2.902962,1,0,5.003409,1106.910603,23,0,0,1,0,0,1,1,0,0,1,1
28,35299.63,6.213067,0,0,61.49796,6154.993798,28,0,0,1,0,0,0,1,0,1,1,0
87,28679.37,5.898192,0,1,42.34953,3592.529146,87,1,0,1,0,1,0,1,0,0,0,1
67,26317.3,11.67333,3,0,17.16447,2519.749676,67,0,0,0,0,0,0,0,1,0,1,1
73,8091.21,9.335603,0,0,2.924951,468.5975061,73,1,0,0,1,0,1,1,0,0,0,0
71,29732.11,6.519561,1,0,71.31142,5804.942334,71,0,0,1,0,1,0,1,0,0,0,0
41,40818.88,7.846047,1,1,51.92063,4662.416793,41,1,0,1,0,1,0,1,1,0,1,0
42,77398.45,13.47255,1,0,58.91402,5324.687949,42,0,0,0,0,0,1,1,1,1,1,1
37,38040.43,6.820744,0,0,53.08332,4823.231075,37,0,0,0,0,1,0,1,0,1,1,1
53,29779.57,15.20933,3,1,52.03501,4503.053128,53,0,0,0,0,1,0,1,0,0,1,1
62,46279.7,15.00104,1,0,44.64514,4317.109974,62,0,0,0,0,1,0,1,1,0,1,1
30,116888.77,11.06209104,1,0,11.92905011,1851.152977,30,1,0,0,0,0,0,1,0,1,1,0
35,46708.88,11.36826,0,0,5.516053,1294.27991,35,0,0,0,1,1,0,0,0,0,1,1
56,31393.24,11.95891,1,0,4.10653,1029.623058,56,1,0,1,0,0,0,1,0,0,0,1
42,45217.59,6.072082,0,0,19.9897,2705.01162,42,1,0,0,1,0,0,1,0,0,1,0
80,28492.27,8.101706,1,0,58.5608,5233.838265,80,0,0,0,0,0,0,1,0,0,0,1
55,20761.43,10.01977372,0,0,1.656338685,1097.557516,55,1,0,0,0,0,0,1,1,1,0,1
73,36841.04,12.74847,3,0,61.27787,5676.244141,73,1,0,1,0,1,0,1,1,0,1,1
31,51290.56,11.05776,0,2,69.49722,6270.108334,31,1,0,0,0,1,0,1,0,1,1,1
79,74026.91,8.200222508,1,1,13.70230727,1614.036609,79,0,0,0,1,1,0,1,0,0,1,0
25,29155.86,11.16452,0,1,52.74302,4460.767183,25,0,0,0,1,1,0,1,0,0,0,0
85,101766.0,11.27661,0,0,68.06938,6048.018658,85,1,0,1,0,0,1,1,0,1,1,1
86,11612.88,4.964218639,2,1,13.83290937,1376.095043,86,1,0,1,0,0,1,1,0,0,1,0
50,23963.76,9.43864,2,2,69.14112,6275.399367,50,0,0,0,0,0,0,1,0,0,0,1
47,49799.5,19.50058,1,0,4.674085,745.4775132,47,0,0,0,0,1,0,1,1,1,0,1
58,9352.62,13.19755,3,1,19.75809,2006.106282,58,0,0,0,0,0,0,1,0,0,0,0
58,48293.12,11.58885,0,0,7.896371,1725.323883,58,1,0,0,1,0,0,1,1,1,1,0
19,25515.76,7.516,2,2,69.2394,6534.389245,19,0,0,0,0,0,0,1,0,0,1,1
42,34084.03,9.269101,2,0,69.2962,6739.19212,42,0,0,1,0,0,0,1,0,0,1,0
61,39262.14,9.57470568,1,0,17.10995632,1833.0967,61,0,0,0,0,0,1,1,0,1,0,1
31,30153.27,11.59084,0,0,55.31399,5408.322311,31,1,0,0,0,1,0,1,0,0,1,1
66,53519.74,9.550764,1,0,5.996824,1009.804308,66,0,1,1,0,1,0,1,0,1,1,0
29,23676.96,8.343598,0,1,1.201025,540.3210772,29,0,0,0,1,1,0,1,1,1,0,1
18,43660.61,10.62896,0,0,2.96972,1444.44469,18,0,0,0,1,0,0,0,0,1,0,1
64,16499.16,13.46568,0,1,71.21292,6364.501793,64,1,0,0,1,1,0,1,1,0,1,1
88,81253.97,8.241715,2,0,57.18854,4801.928653,88,0,0,0,0,1,0,1,0,1,0,1
63,6587.88,8.292211,2,0,56.86558,5410.603621,63,1,0,0,0,0,1,1,1,1,1,0
42,8651.06,4.132345,2,1,64.22853,5777.579326,42,0,0,0,1,0,0,0,1,0,0,0
74,51529.04,8.102372401,2,2,3.523994671,765.3008585,74,0,0,1,0,1,0,1,0,1,0,1
76,65782.7,9.664338,1,0,5.377803,1465.534225,76,1,0,0,0,0,0,1,0,0,1,1
41,114160.2,11.00657,0,0,15.49078,2175.607761,41,0,0,1,0,0,0,1,1,0,0,1
25,54567.1,8.842844227,1,0,5.682066541,884.6278615,25,0,0,0,1,1,0,1,0,1,1,0
64,36384.55,8.967992,2,0,5.585075,768.7084381,64,0,0,1,0,1,0,1,1,1,0,1
89,16303.01,10.52149,1,0,63.38899,5972.05769,89,0,0,0,0,0,0,0,1,0,0,0
30,20769.65,8.318438,3,0,59.48183,5781.09568,30,1,0,1,0,0,0,1,0,0,1,1
63,37904.65,15.73786,0,0,53.82086,5060.874121,63,0,0,1,0,0,0,1,0,0,1,1
51,36262.17,11.10249,2,0,70.02925,6359.455223,51,1,0,0,1,1,0,1,0,0,1,1
66,72870.66,13.83085,3,1,69.7211,6525.625338,66,1,0,0,1,0,0,1,0,1,1,1
70,9901.11,9.49165,1,1,66.47606,6502.025208,70,0,0,0,0,0,0,1,1,1,1,1
45,63252.08,11.55712,1,1,66.31632,6741.094654,45,1,0,1,0,0,0,1,1,1,1,1
49,47836.42,8.873568,0,0,55.49261,5277.646823,49,1,0,1,0,0,1,1,0,0,1,1
28,19948.12,5.529764,2,0,36.19603,3095.105954,28,0,0,0,1,1,0,1,0,0,0,0
46,56384.35,5.905487,1,0,49.92156,4945.75643,46,1,0,0,1,0,0,1,1,1,1,0
87,13470.92,3.503782,2,0,15.05177,1281.098493,87,0,0,1,0,1,0,1,1,0,0,1
67,10231.67,5.031953948,0,1,13.55218661,1779.049529,67,0,0,1,0,1,0,1,0,1,1,1
24,68647.24,12.71080854,1,1,5.156978882,1112.686143,24,0,0,1,0,0,0,1,0,0,0,0
58,30300.58,12.46342441,1,0,4.603347641,704.6408647,58,1,0,1,0,1,0,1,0,1,0,1
82,16149.85,10.01143,3,0,6.548905,889.2239784,82,0,0,0,1,0,1,1,0,1,1,1
67,31959.4,11.8759,2,1,63.03296,5449.331954,67,1,0,0,0,1,0,1,0,0,1,0
35,51204.25,9.800567,1,0,54.03362,4805.533141,35,1,0,1,0,1,0,1,0,1,0,1
59,59532.16,12.73982,1,1,1.877939,503.6435762,59,0,0,0,1,1,0,1,0,1,0,0
49,75040.63,12.08421,3,0,67.78527,6139.348089,49,1,0,0,1,1,0,1,0,1,0,1
34,37252.55,5.023832,3,0,14.48515,1528.122932,34,0,0,0,1,1,0,0,0,0,1,0
48,59746.04,8.245576,2,0,63.22024,6172.045881,48,1,0,0,0,0,0,1,0,0,1,0
33,6878.84,8.61275076,1,0,18.88610542,1797.14783,33,0,0,0,0,0,1,1,1,0,0,0
58,20358.54,8.927855,2,1,7.895618,1460.696574,58,0,0,1,0,0,0,1,1,0,0,1
80,25945.22,7.080619,1,1,66.94288,5874.695874,80,1,0,1,0,1,0,1,0,1,0,0
22,26998.56,14.63594,0,1,26.10713,2616.567484,22,1,0,0,1,0,1,1,1,0,0,0
42,90756.87,8.306153,2,0,65.50762,6056.561962,42,0,0,1,0,1,0,1,0,1,1,1
69,40374.09,7.627938,0,1,50.97885,4458.339586,69,1,0,0,1,1,0,1,1,0,1,0
41,95657.24,14.78012,1,0,56.97688,5154.285324,41,1,0,0,0,1,0,1,0,1,1,0
44,12857.68,6.076788,1,1,61.41438,5219.170675,44,1,0,0,0,1,0,1,0,1,0,0
36,34999.62,6.706765,1,2,7.965702,1311.801862,36,0,0,0,0,0,1,1,1,1,1,0
45,83931.89,7.552561,3,0,57.7129,5510.746113,45,0,0,1,0,0,0,1,0,0,1,1
48,72425.99,10.5195,0,2,51.9647,5185.231247,48,0,0,1,0,0,0,1,1,1,0,1
50,70321.71,12.99114,0,1,4.617824,967.8404944,50,1,0,1,0,1,0,1,1,1,0,1
32,57380.34,9.231958141,1,1,12.68609343,2025.927893,32,0,0,0,1,0,0,1,0,0,0,0
23,57725.74,9.142434,2,0,66.49211,6528.05337,23,1,0,0,1,0,0,1,0,0,1,1
36,19364.23,7.500922,0,0,62.08563,5966.47536,36,1,0,1,0,1,0,0,1,0,1,1
28,62820.43,5.416075,0,0,62.75224,5865.625146,28,1,0,0,1,0,0,1,1,1,0,0
53,56932.4,7.812935,2,1,68.59602,5770.359583,53,0,0,1,0,1,0,1,0,0,1,0
80,19743.2,12.19116,0,1,68.4792,6471.220737,80,1,0,0,1,0,0,1,0,1,0,1
81,96126.76,9.654031047,3,1,21.1307851,1807.178649,81,0,0,0,1,1,0,1,0,1,0,0
62,14744.09,9.358337,0,0,66.9541,6002.159687,62,1,0,0,0,1,0,1,0,1,0,1
64,58347.69,7.403382,1,0,4.867834,718.2708269,64,1,0,0,0,1,0,1,0,0,0,0
89,16990.72,10.42906,0,0,32.73358,3343.612596,89,1,0,0,1,1,0,1,1,1,1,1
47,81376.2,9.650519,3,2,7.617535,1326.411799,47,1,0,1,0,0,0,0,0,0,0,1
85,28175.21,12.13223,1,0,70.54943,6147.295218,85,1,0,1,0,0,1,1,1,0,1,0
88,30133.27,10.03378888,1,0,30.03608319,2688.491827,88,0,0,0,1,1,0,1,0,0,1,1
36,51970.63,7.888059,1,1,21.20428,2494.211424,36,0,0,0,0,0,0,0,1,0,0,0
69,69369.55,8.272683,3,1,64.95453,5777.625223,69,0,0,0,0,1,0,1,1,1,0,1
66,37173.93,12.23589,0,0,70.03383,6333.556571,66,0,0,1,0,1,0,1,0,1,0,1
52,63289.55,5.566561,1,0,6.324505,842.4625146,52,1,0,0,1,0,1,1,0,0,0,0
32,49486.67,2.891818,1,0,66.81622,6551.623181,32,0,0,0,0,0,0,1,1,0,1,0
79,14541.24,11.78479,0,0,7.364002,1144.514093,79,1,0,0,1,1,0,1,1,0,0,0
26,61145.59,9.096999,1,1,2.201845,482.1944216,26,0,0,1,0,1,0,1,0,0,0,1
34,29044.8,9.651896,0,0,4.300397,752.2906635,34,0,0,1,0,1,0,1,0,1,1,0
58,33109.91,8.727294,0,1,2.493434,249.3579815,58,0,1,0,1,1,0,1,1,0,0,0
62,78317.27,14.3882,1,1,66.57294,5572.501755,62,0,0,0,1,0,1,1,0,1,0,0
64,83912.29,10.89877,4,0,60.48793,5406.560212,64,1,0,0,0,1,0,1,1,1,1,1
42,41412.1,12.4703522,1,0,25.8634566,3309.919373,42,1,0,1,0,0,0,1,0,1,1,1
26,13665.81,5.101935,0,1,57.13921,5004.36005,26,1,0,0,1,0,1,1,0,0,0,1
29,32952.41,9.749545,4,0,5.457127,1589.753327,29,1,0,0,0,0,0,1,1,1,1,0
40,38077.09,12.63262,0,0,69.14122,6291.972267,40,1,0,0,0,0,1,0,0,0,1,1
62,61174.45,11.90278,2,1,11.31749,1585.841616,62,0,0,0,1,0,0,1,0,0,1,1
56,23720.93,9.35689,2,0,64.01205,5832.1205,56,0,0,1,0,0,1,1,0,0,1,0
78,7234.69,6.9305,1,0,60.63668,5444.798489,78,1,0,0,0,1,0,1,1,1,1,1
68,87243.94,11.52485,1,1,38.28807,3491.783586,68,0,0,1,0,0,1,0,0,0,1,1
50,87724.62,9.874503,1,0,71.15704,6743.861668,50,1,0,0,1,0,0,1,0,0,1,0
22,30388.27,12.16211,0,0,10.47789,1259.837146,22,1,0,0,0,0,1,1,0,0,1,0
59,68987.09,7.685351,1,0,4.054345,471.7954635,59,0,0,0,0,1,0,1,1,0,0,1
64,36220.07,12.30730362,1,2,7.677039536,1370.86345,64,1,0,0,1,1,0,1,1,1,1,0
49,5183.35,6.080136,1,1,8.549649,1237.669889,49,0,0,0,1,0,0,1,0,0,0,1
54,26676.4,9.982341124,0,0,5.827112819,758.4775985,54,0,0,1,0,1,0,1,0,0,0,0
24,40019.17,8.978709,1,0,7.409027,1280.53691,24,0,0,0,1,0,0,1,0,1,0,1
75,50104.74,14.87341,1,2,67.65272,6091.711097,75,0,0,0,1,0,1,0,0,1,1,0
68,95028.57,6.076260652,0,0,4.627672042,1038.745378,68,1,0,0,1,0,1,1,0,1,1,0
25,54669.67,8.444910983,1,0,13.85473212,1792.56277,25,1,0,0,1,1,0,1,1,0,1,1
46,13360.17,14.75288,0,1,1.602966,792.9175185,46,1,0,1,0,0,0,1,0,1,0,0
84,25750.6,11.72749,0,0,50.31252,4431.737277,84,1,0,1,0,1,0,1,1,0,0,0
37,27803.88,11.33707,1,0,9.546909,1264.373724,37,1,0,0,1,1,0,1,0,0,0,1
63,32521.54,8.387455,1,0,64.61766,5693.466496,63,0,0,0,1,1,0,1,0,1,1,1
53,44344.5,12.51964,0,0,70.04054,6225.879093,53,1,0,1,0,1,0,1,0,0,0,1
75,13389.11,10.3868905,0,0,11.32593703,1380.893387,75,0,0,0,1,0,1,0,0,1,0,1
79,91660.43,6.623761,1,1,66.66853,5785.941862,79,0,0,0,0,1,0,1,1,1,1,0
70,69248.13,13.37036883,1,0,10.16660427,1061.587971,70,0,0,1,0,0,1,1,0,0,0,0
39,48646.01,2.853094,0,0,68.74835,6076.969235,39,1,0,0,0,1,0,1,0,0,1,1
23,2716.95,11.58123,0,0,24.09793,2427.967505,23,0,0,1,0,0,1,1,1,0,0,1
71,15088.76,12.00279,0,0,57.2401,4946.194597,71,0,0,0,0,0,1,1,0,0,0,0
39,14128.58,11.21706,4,0,63.17917,6265.527896,39,0,0,0,1,0,0,1,0,0,1,1
32,84409.23,6.279415,0,0,64.19903,5517.467178,32,1,0,1,0,0,1,1,0,1,0,0
51,90956.64,2.737931836,0,0,13.23888382,1526.656486,51,0,0,1,0,0,1,0,0,1,0,0
78,135727.71,11.05420024,0,0,8.08137067,1468.357421,78,1,0,1,0,0,0,1,1,1,0,0
22,58006.93,12.05053,3,2,10.31681,1061.819409,22,0,0,0,1,0,1,1,0,0,0,1
51,49285.68,13.65114,1,1,60.1778,5109.486658,51,0,0,0,1,0,1,1,0,0,0,1
68,88340.8,15.74457,0,0,54.57315,5025.332968,68,0,0,1,0,1,0,1,0,0,1,1
44,104362.5,13.48312,0,0,16.12811,2138.11032,44,0,0,0,0,0,0,1,1,1,0,1
31,69199.04,8.647466,0,1,71.12849,6103.615106,31,0,1,1,0,0,1,1,0,0,0,1
20,47274.12,9.980253,0,0,53.9154,5304.643513,20,0,0,1,0,0,0,1,0,0,1,0
63,41656.53,15.19664016,1,0,13.85488928,2138.107161,63,0,0,0,1,0,0,0,0,1,1,1
46,12929.43,13.87773,0,0,46.05744,4193.703815,46,1,0,0,1,1,0,0,1,0,1,1
33,29268.79,6.146076,2,1,6.726078,1212.659466,33,0,0,0,0,0,0,0,0,0,0,1
20,97694.83,10.18788,2,0,11.81853,1247.347617,20,1,0,0,0,0,1,1,0,0,0,0
32,169580.73,3.625998515,0,0,7.798523158,1307.965782,32,0,0,0,1,0,1,1,0,1,1,0
58,9245.84,8.308287,0,1,12.28997,1388.750133,58,0,0,1,0,0,1,1,1,1,1,0
63,18895.42,9.064004874,2,0,7.138985437,875.0932458,63,0,0,0,0,0,1,1,0,1,1,0
51,8324.79,10.71946,1,0,52.54837,4411.074803,51,1,0,1,0,0,1,1,0,0,0,0
86,44607.35,19.01962,1,1,39.13842,3260.745232,86,1,0,0,0,1,0,1,0,0,0,1
80,49276.44,5.081352,0,1,4.028152,558.7166007,80,1,0,0,0,1,0,1,0,1,1,0
64,53761.21,15.32417,1,0,66.91238,5826.681585,64,1,0,0,0,1,0,1,1,0,0,0
73,11464.33,9.142773531,1,0,12.30462572,2056.185889,73,0,0,1,0,0,0,1,1,1,1,0
52,56361.66,9.002991,1,0,54.07152,5205.750156,52,0,0,1,0,0,0,1,1,0,1,0
61,13463.55,11.24384,0,0,53.4946,5083.028968,61,0,1,1,0,0,0,1,1,1,0,1
48,14980.76,8.544211,3,0,58.83899,5833.458374,48,1,0,0,0,0,0,1,0,0,1,0
23,22580.7,9.341631685,0,2,19.26726194,2728.767869,23,0,0,0,1,0,0,1,1,0,0,1
82,35453.68,10.90456,1,0,13.12228,1711.957507,82,0,0,0,1,0,0,1,1,0,0,0
62,76812.26,10.46668,0,2,65.64436,5455.249378,62,0,0,0,1,0,1,1,0,1,0,0
37,18394.86,12.33741082,1,1,6.240783682,939.1433243,37,1,0,0,0,1,0,1,0,1,0,0
58,20514.4,10.41502,0,0,54.26571,5274.06662,58,0,0,0,0,0,0,1,1,1,1,1
86,48971.18,14.67533687,2,0,6.211504434,745.0467839,86,1,0,0,1,1,0,0,1,0,0,1
77,22328.55,8.932966,1,0,62.18037,5479.036356,77,1,0,0,0,1,0,1,1,0,1,1
88,35891.67,6.286550988,1,2,10.27819073,1570.345219,88,1,0,0,0,0,0,1,1,1,0,1
60,41058.3,9.515742803,2,0,8.886360176,1340.373707,60,0,0,0,0,0,0,1,0,0,1,0
28,4348.83,12.74259,1,0,47.50976,4677.936927,28,1,0,0,1,0,1,1,1,0,1,0
55,29622.06,11.62614,0,2,12.69881,1469.854845,55,0,0,0,1,1,0,1,1,1,0,1
40,7086.19,11.91525643,2,1,10.61383322,1068.30748,40,0,0,0,0,1,0,1,0,0,0,1
26,60398.06,10.90517581,2,0,5.562130367,1316.239744,26,0,0,1,0,0,0,1,1,0,1,0
70,3439.92,13.91435,3,0,65.39241,5602.940401,70,1,0,1,0,0,1,1,0,0,0,0
30,20108.49,11.17686,1,0,46.98814,4089.200279,30,0,0,1,0,1,0,1,1,0,0,0
55,77381.71,11.57025,2,1,49.19446,4355.447904,55,1,0,0,1,0,1,1,1,1,0,0
79,69154.47,8.688254477,2,0,7.608938235,1422.716519,79,0,0,0,1,0,0,1,1,1,0,1
73,23838.68,8.892449,1,0,8.249394,1118.312856,73,1,0,0,0,1,0,1,0,1,1,0
62,36139.18,6.147368,0,2,44.99139,5009.989918,62,1,0,0,1,0,0,1,1,1,1,1
55,22322.51,11.98809409,2,1,12.36979696,1241.892931,55,0,0,1,0,0,1,1,0,1,1,0
24,11298.25,12.07558,0,0,71.50744,6542.432114,24,0,0,1,0,0,1,1,1,1,0,0
38,20626.02,10.05784,1,0,63.74924,5433.040814,38,1,0,1,0,0,1,1,0,0,0,0
46,48267.33,6.566714,1,0,5.944147,1429.709066,46,0,0,0,1,0,0,1,1,1,0,0
88,123206.3,10.06248,1,0,62.8196,5593.760801,88,1,0,0,0,0,1,1,1,0,1,1
53,33653.85,15.68123,1,2,56.19179,4832.149028,53,1,0,0,0,1,0,1,0,0,0,1
72,7128.29,8.729086,4,1,60.09421,5276.705264,72,0,0,1,0,1,0,1,1,0,0,0
67,8055.22,6.388698,1,0,58.85612,5140.463847,67,0,0,0,0,0,1,1,1,0,0,0
75,6736.05,3.752717,1,1,62.27729,5406.926303,75,0,0,0,1,0,1,1,1,0,1,1
81,40071.46,9.519732,0,1,59.41977,5586.760819,81,1,0,0,1,0,0,1,0,0,1,0
74,79890.24,7.279879,1,2,2.893617,1280.101622,74,1,0,0,1,0,0,1,0,1,1,0
33,13106.6,12.87327,1,0,3.30098,594.5452132,33,1,0,0,1,0,1,1,0,0,1,0
28,28748.12,12.84371,2,0,70.25821,6690.800209,28,1,0,0,1,0,0,1,0,1,0,1
31,49862.25,8.031259,0,2,57.99615,5838.092547,31,1,0,1,0,0,0,0,1,0,1,0
23,47958.56,10.47559,1,0,2.599617,650.0225046,23,0,0,0,0,0,1,1,0,1,0,0
68,77598.76,6.246844,2,0,13.74701,1598.336024,68,1,0,0,0,1,0,1,0,0,1,1
59,38226.33,12.26505,1,1,61.92686,5863.779578,59,0,0,1,0,0,0,1,0,1,0,1
41,10530.09,6.033340156,0,0,18.66406554,2287.741972,41,0,0,1,0,0,0,1,0,0,0,1
28,17931.97,6.216824,0,1,27.47595,3452.422228,28,0,0,1,0,0,0,1,0,0,1,1
32,23706.94,11.27381764,1,0,5.915247686,973.4512833,32,1,0,1,0,1,0,0,0,1,1,0
48,26524.78,9.395636,1,0,19.57075,1939.097667,48,1,0,0,1,1,0,1,0,1,0,1
65,11523.97,5.953348075,0,0,3.024806192,847.1259509,65,1,0,0,0,0,0,1,0,1,0,0
58,61541.53,8.128102,2,0,3.678847,301.5746797,58,0,0,0,0,0,1,1,0,0,0,0
88,35311.08,11.88241,2,1,1.73409,428.5644943,88,1,0,1,0,1,0,1,1,0,1,1
65,40599.16,7.813956,5,1,6.150351,867.6145354,65,0,0,1,0,1,0,1,0,0,0,1
30,39940.05,10.06356,1,1,1.717806,863.6296514,30,1,0,0,0,0,0,1,0,0,0,1
36,33929.5,10.63565,1,0,8.940085,1204.76304,36,1,0,1,0,1,0,0,0,1,0,0
21,18978.48,9.410557,0,0,51.53504,4979.515394,21,1,0,0,1,1,0,1,1,0,1,0
49,7611.79,10.6443,0,0,68.96214,6084.96355,49,0,0,1,0,1,0,1,0,1,1,1
56,49150.41,13.19067,0,0,5.21614,1019.501584,56,1,0,1,0,1,0,1,0,1,1,1
54,31168.17,9.976411,0,0,10.06351,1716.442787,54,0,0,1,0,1,0,0,1,1,1,0
36,26639.43,8.834633,0,0,8.973181,1367.523632,36,0,0,0,0,1,0,1,0,0,1,0
39,20624.31,6.985590245,2,1,5.969967132,967.9819136,39,1,0,0,0,1,0,1,1,0,0,1
74,18185.88,12.57260598,3,0,7.925553778,1460.729298,74,0,0,0,0,0,0,1,1,1,0,1
19,63080.18,12.53304,0,0,53.58396,4941.881988,19,0,0,0,1,1,0,1,0,0,0,1
73,35562.1,13.20452,1,0,4.532646,713.5720629,73,1,0,1,0,0,1,1,0,1,0,1
62,39021.86,12.17226,1,0,60.78156,6017.240403,62,0,0,0,1,0,0,1,0,1,1,1
86,85485.62,11.26656,2,0,50.62544,4203.629126,86,0,0,0,1,0,1,1,1,0,0,0
26,38151.92,8.426701,0,1,59.33894,5958.978015,26,0,0,0,0,0,0,0,1,1,1,1
81,30474.66,6.484808,0,2,58.90864,5221.7217,81,1,0,1,0,0,1,1,1,1,0,1
40,27403.44,11.58268,2,0,9.38329,1542.3033,40,0,0,0,1,1,0,0,1,1,1,0
87,20051.84,9.117174,1,0,53.13174,5218.798279,87,0,0,1,0,0,0,1,0,1,1,0
74,17782.67,9.65902772,1,0,9.716257401,811.3375327,74,0,0,0,1,1,0,1,0,0,0,1
80,10670.46,10.13650144,0,0,12.00858052,1774.586726,80,0,0,1,0,0,0,1,1,1,1,1
67,106307.8,7.567884,0,0,63.63211,5471.963232,67,1,0,1,0,0,1,1,0,0,1,0
51,48114.78,10.03556,4,0,13.72738,1844.506934,51,1,0,0,0,0,0,1,0,0,1,0
72,18955.08,10.49797,0,0,3.695049,1060.077964,72,1,0,1,0,0,0,1,0,1,0,0
76,42529.4,10.78526,2,2,3.985217,583.5711218,76,0,0,0,0,1,0,0,1,1,0,1
42,28147.43,13.1858,0,0,56.78578,5918.076763,42,0,0,1,0,0,0,1,0,1,1,0
80,32687.28,3.518516,1,0,60.82718,6066.504159,80,1,0,1,0,0,0,1,1,1,1,0
49,30403.75,12.11743,1,0,67.28603,5954.978524,49,1,0,0,0,1,0,1,1,0,0,1
57,49323.19,7.869279288,1,0,2.48527604,521.8726735,57,1,0,1,0,1,0,1,0,0,0,0
77,50725.09,7.418985,4,0,65.28157,5674.734009,77,0,0,1,0,0,1,1,1,1,0,1
54,20489.38,12.00248,0,2,6.106821,1149.045043,54,0,0,0,1,0,0,1,1,1,0,0
59,15840.4,7.194451,1,0,1.692565,1015.460451,59,1,0,0,1,0,0,1,1,1,0,1
32,11098.33,7.210336,0,0,17.31427,1735.70733,32,0,0,0,1,0,1,1,0,0,1,0
76,29993.81,6.909162,2,0,68.47117,5811.727081,76,1,0,0,1,1,0,1,1,0,0,0
37,44584.01,6.207433,1,0,48.79525,5048.197523,37,1,0,0,0,0,0,0,0,0,1,1
60,51546.63,12.56358,1,0,54.0886,5064.97133,60,1,0,1,0,1,0,1,0,0,1,1
56,64017.78,12.45682505,0,0,11.76491612,1588.313232,56,0,0,0,1,0,1,1,1,1,1,0
78,14825.22,6.946114,1,1,6.214398,1251.894626,78,1,0,0,1,0,0,1,0,1,1,1
47,52288.11,2.205335,2,0,63.92945,5727.232268,47,1,0,0,0,1,0,1,0,1,0,1
51,23882.77,16.57722,0,0,54.94221,4999.200658,51,1,0,1,0,1,0,1,1,1,1,0
80,61544.69,10.16994,1,1,59.51347,5184.395666,80,0,0,0,0,1,0,1,0,1,1,1
32,91022.36,15.16412,0,0,10.91353,1163.07255,32,0,0,1,0,1,0,1,0,1,0,1
33,11810.84,9.949737,1,1,62.76356,5361.461661,33,1,0,1,0,1,0,1,0,1,0,0
73,45512.2,11.54034,0,0,54.87839,5362.598684,73,1,0,0,1,0,0,1,1,1,0,1
60,38067.68,9.345099,0,1,64.6373,5838.570725,60,1,0,1,0,0,1,1,1,0,1,0
32,67872.22,14.48232,1,1,53.02286,5149.296023,32,1,0,0,0,0,0,1,1,1,0,1
29,10887.66,8.31466824,1,0,18.7939759,2057.159348,29,1,0,0,0,1,0,1,0,1,0,1
40,100437.39,13.47526316,2,0,20.31446952,1919.490397,40,0,0,0,0,1,0,1,0,0,0,0
88,26999.2,9.573997,0,0,57.17893,4723.54426,88,1,0,0,1,1,0,1,0,1,0,0
82,5563.7,8.923942,1,0,40.62433,3542.766428,82,1,0,1,0,1,0,1,1,0,0,1
75,116628.8,7.425681,0,0,1.921112,397.1455126,75,1,0,0,0,1,0,1,1,0,0,0
71,26012.53,6.751421,2,1,30.7698,2744.394944,71,0,0,1,0,0,1,1,1,0,1,0
21,35022.32,8.976742,0,0,1.900671,516.253628,21,0,0,0,1,1,0,1,0,1,0,0
75,25742.72,7.663279641,0,0,3.310281145,556.2193844,75,1,0,0,1,1,0,1,0,0,0,1
23,12587.71,8.21878,1,0,57.77873,5579.15458,23,0,0,0,0,0,0,1,1,0,0,0
39,33917.44,10.55797,0,1,2.021619,462.9626012,39,0,0,1,0,1,0,1,1,0,1,0
59,35216.42,11.30515,1,0,69.31083,6230.661267,59,1,0,0,1,1,0,1,0,1,1,1
43,15584.37,10.72976,3,0,8.443528,1280.600763,43,1,0,0,0,1,0,1,0,0,1,0
48,84113.15,9.224349,0,0,8.093081,1340.469295,48,0,0,1,0,0,0,1,0,0,0,0
62,20921.95,8.623899,0,1,54.68337,5179.277309,62,0,0,1,0,1,0,1,1,1,1,1
39,47509.48,10.68038,2,0,65.0017,5778.552531,39,1,0,0,1,1,0,1,1,0,0,0
81,22319.36,14.22713,1,0,58.01097,4996.932332,81,1,0,1,0,1,0,1,1,1,0,0
33,16859.67,12.55796,2,1,2.473299,787.5389871,33,1,0,1,0,1,0,1,1,0,0,0
65,36242.89,11.27386,1,0,47.40586,4281.425931,65,1,0,0,0,0,1,1,1,0,1,0
76,22935.18,11.97204,2,0,19.84947,2063.325487,76,1,0,1,0,0,0,1,0,0,0,0
50,73438.15,7.66642,0,0,71.83088,6038.002387,50,0,1,1,0,0,1,0,0,0,0,0
25,77622.97,6.464103552,1,1,20.44846104,2936.746847,25,1,0,1,0,0,0,1,1,0,1,1
34,10092.3,8.528837,0,0,11.71559,1283.330518,34,0,0,1,0,0,1,0,1,0,0,0
33,41617.07,13.46933,1,0,54.07581,4893.437646,33,1,0,0,0,1,0,1,1,1,0,0
66,118179.2,12.48633,3,1,3.77596,775.6207448,66,1,0,0,1,1,0,1,0,1,0,0
84,10457.56,9.818493,1,0,9.841833,1276.902314,84,0,0,0,1,0,1,1,0,0,1,1
33,26041.24,9.948212,1,0,49.64838,4558.993397,33,1,0,0,0,1,0,1,0,0,0,1
87,13475.85,7.446402,1,0,66.88596,6077.760962,87,1,0,1,0,0,1,1,0,1,1,0
89,40217.33,11.64938,0,0,70.14609,5873.629847,89,0,0,0,1,1,0,1,0,0,0,1
52,16827.22,7.598834,0,0,12.47887,1558.262612,52,0,0,0,0,0,1,1,0,1,1,0
77,23660.53,13.85192,2,2,18.76931,2104.759302,77,1,0,0,1,0,0,1,0,0,1,0
84,37774.81,11.70582668,1,0,16.26037537,1580.43019,84,0,0,1,0,0,1,1,1,0,1,1
83,29762.63,10.76461,1,1,71.7712,6101.516217,83,0,1,0,1,0,1,1,0,1,1,0
89,41848.9,12.74478,2,0,10.11079,1010.291341,89,1,0,0,0,0,1,1,0,0,0,1
22,22023.11,7.86736,1,0,70.14031,7158.98153,22,1,0,0,0,0,0,1,1,1,1,0
75,61350.75,5.20269,1,0,65.351,5630.09035,75,0,0,0,0,0,1,1,0,0,0,1
66,45427.24,9.862233728,1,1,2.968358466,868.469474,66,1,0,0,1,0,0,1,0,0,0,1
25,67530.44,11.62388139,1,0,5.100566529,1226.343895,25,1,0,1,0,0,0,1,1,0,0,1
49,71631.82,8.734579171,2,2,2.439520256,1341.450253,49,0,0,0,1,0,0,1,1,0,1,1
70,58836.68,13.62664,0,1,6.971589,1277.067543,70,1,0,0,0,0,1,1,0,1,1,1
89,77269.05,10.72707391,0,1,12.43358232,1086.632821,89,0,0,0,0,1,0,1,0,0,0,0
67,1980.3,9.299708,0,0,2.65459,479.1497047,67,0,1,0,0,1,0,1,0,0,1,1
54,38613.42,12.62845,1,1,55.3519,4851.255631,54,1,0,0,0,1,0,1,0,1,0,1
69,51826.63,13.51163,0,3,71.73306,6396.472998,69,0,0,1,0,1,0,1,1,0,1,1
24,46676.42,15.92158,0,0,3.290431,1045.435988,24,1,0,0,0,1,0,0,0,0,1,1
89,85041.89,13.66314,2,0,67.60865,6222.773491,89,1,0,0,1,1,0,1,0,1,1,0
25,50560.17,7.823058882,0,0,8.650238791,1090.76661,25,1,0,1,0,1,0,1,0,0,0,0
57,56121.37,14.6661,1,0,69.10048,6276.75062,57,1,0,0,1,0,1,1,0,0,1,0
18,47145.15,6.182063,1,0,63.30929,5592.361956,18,1,0,0,0,1,0,1,0,0,0,0
33,29581.15,8.620715,3,0,15.64015,1600.603183,33,0,0,0,0,0,1,1,0,0,0,0
38,77580.3,14.12839,3,0,66.43229,6437.319274,38,1,0,1,0,0,0,1,1,0,0,1
88,72518.47,15.37298,3,0,52.56232,4696.683851,88,0,0,1,0,0,1,1,0,0,1,0
87,40512.96,5.835383,0,0,7.374499,1036.983336,87,0,0,0,0,1,0,1,1,0,0,0
33,26254.4,11.32274,2,0,67.75508,6310.388284,33,0,0,0,0,0,0,1,1,1,0,0
67,24322.78,15.02079,3,0,15.97096,1993.401196,67,1,0,0,1,0,0,1,0,1,1,0
28,9174.42,4.592344,1,2,67.11782,5851.65666,28,0,0,0,0,0,1,1,0,0,1,1
53,7162.12,10.19024,0,0,11.9008,991.6569518,53,0,0,1,0,1,0,1,0,0,0,0
27,31230.32,13.3572,0,1,55.62125,4855.986258,27,0,0,0,1,0,1,1,0,0,0,1
81,20178.71,6.551707,3,0,54.0833,4504.376908,81,1,0,0,0,0,1,1,0,0,0,0
19,4200.47,6.214679,0,1,3.978662,1790.477112,19,1,0,1,0,0,0,1,1,1,1,1
58,13969.34,4.373591494,1,2,12.24494477,1653.165932,58,1,0,0,0,0,0,1,0,0,0,0
62,32733.34,8.516783,1,1,6.735348,1499.696874,62,0,1,0,0,0,0,1,1,1,0,0
33,64328.0,9.559166,1,0,66.17677,5923.952015,33,1,0,1,0,1,0,1,0,1,1,0
71,13044.82,13.76037,1,0,63.59925,5559.919752,71,1,0,0,0,0,1,1,0,1,0,1
61,79189.23,6.792026415,1,1,11.24061076,1882.523799,61,0,1,0,0,0,0,1,0,0,1,1
40,30577.74,12.01441,1,1,66.7755,5967.112269,40,0,0,1,0,1,0,1,0,1,0,1
61,20811.42,13.60774223,2,1,3.045064701,703.6927423,61,1,0,1,0,1,0,1,1,1,1,0
38,6210.83,10.07854,4,0,64.88531,5640.266565,38,0,0,1,0,1,0,1,0,0,1,1
35,6651.76,7.773419,0,1,44.42372,4963.969106,35,1,0,0,1,0,0,1,1,1,1,1
88,4346.53,14.76822,1,0,39.4081,4299.70522,88,1,0,1,0,0,0,1,0,1,1,1
32,13359.18,8.925549447,1,1,2.704019894,476.2957809,32,0,0,0,1,0,1,1,0,0,0,0
81,37418.19,5.607595,0,0,60.70517,5331.216027,81,0,0,0,0,0,1,1,1,1,0,0
79,82450.93,17.44896,0,0,59.83107,5084.802228,79,0,0,0,0,1,0,1,0,1,0,1
66,16603.16,8.173983,2,0,52.61696,5031.059535,66,1,0,0,1,0,0,1,0,1,0,0
44,23948.23,9.919418,2,0,54.38925,4952.728891,44,0,0,1,0,1,0,1,1,1,0,1
50,40667.47,7.842029127,0,0,10.57261422,1243.478237,50,0,0,1,0,1,0,1,1,1,1,0
42,69335.71,5.619559,0,0,7.732188,1051.673689,42,0,0,0,1,1,0,1,1,1,1,0
63,128114.3,9.466427,0,0,12.23147,1483.466725,63,0,0,0,1,1,0,1,1,0,1,1
24,22257.83,10.66071,3,0,11.89052,1871.35466,24,1,0,0,0,0,0,1,0,0,0,1
63,55474.66,7.473832,0,1,14.80965,1844.034359,63,1,0,0,1,0,0,0,0,1,0,0
30,63208.86,14.14302,3,0,3.924965,1217.513281,30,0,0,0,0,1,0,1,1,1,1,1
66,9823.4,8.527507,1,0,5.760318,966.3793761,66,0,0,0,0,0,1,1,0,0,1,1
40,36486.42,12.37242269,1,0,13.37654004,2155.00052,40,1,0,0,1,0,0,0,0,1,0,1
76,36398.01,8.191336,2,0,70.50947,5774.340454,76,1,0,0,0,1,0,1,0,0,0,0
19,93517.61,12.85222,1,0,66.00869,6319.838076,19,1,0,0,1,0,0,1,0,0,0,0
87,80447.93,10.38714,2,0,65.33881,5717.977095,87,1,0,0,1,1,0,0,0,1,0,0
56,69249.92,10.55058,0,0,65.54138,6041.694748,56,1,0,1,0,1,0,1,1,1,1,0
84,73795.85,11.19186,0,3,67.31311,5646.557605,84,1,0,1,0,0,1,1,1,1,0,0
74,14744.58,14.67896,1,0,64.11549,6093.493249,74,0,0,0,1,0,0,0,0,0,0,1
35,25653.34,8.759585,0,0,40.14232,4024.612201,35,1,0,1,0,1,0,1,0,0,1,1
53,30536.02,9.125916,0,0,4.096547,1052.973308,53,1,0,0,0,0,0,1,1,0,0,0
73,15679.34,8.840278,2,0,47.27475,4746.697941,73,1,0,1,0,0,0,1,0,0,1,0
21,29973.85,10.3827,1,0,11.98109,1967.055899,21,0,0,1,0,1,0,1,1,1,1,0
70,71860.3,6.005716686,1,0,2.049006759,433.121911,70,1,0,1,0,0,1,1,0,0,0,0
69,33561.56,10.10955,0,0,10.52734,1394.391376,69,1,0,1,0,0,0,1,0,0,0,0
33,33504.33,10.36695,2,0,10.76391,1410.343155,33,1,0,0,0,1,0,1,1,0,1,1
89,15207.5,8.795566,1,0,10.70911,1975.678599,89,1,0,0,1,0,0,0,0,1,1,1
52,22036.29,9.278338,0,0,60.15262,5092.44112,52,1,0,0,0,1,0,1,0,0,0,0
68,55306.54,8.904816,3,0,4.600655,733.0007061,68,1,0,1,0,1,0,0,0,1,1,0
27,20372.35,14.82711414,2,0,4.218778557,577.1451549,27,0,1,0,0,1,0,1,0,0,0,0
41,27942.44,10.55184,0,1,14.09379,1439.393149,41,0,1,0,0,1,0,1,0,0,0,0
80,45904.79,10.30529,1,1,2.138612,292.5858924,80,1,0,0,0,1,0,1,0,0,0,0
68,46018.62,12.46238,2,0,70.50313,6568.314412,68,1,0,1,0,0,0,1,0,0,1,0
63,33323.68,8.449531886,1,0,22.11524673,2496.770215,63,1,0,0,1,0,0,1,0,0,1,0
51,48667.37,9.25525,0,0,62.67368,5772.977508,51,0,0,1,0,0,0,1,0,0,0,1
58,9336.88,9.171665689,0,0,6.910330858,1025.864383,58,0,0,0,0,1,0,1,1,1,1,1
74,25376.01,9.078331,0,0,12.45303,1313.657019,74,1,0,0,0,0,1,1,0,0,0,0
30,28791.24,13.67308,1,0,46.076,4044.807347,30,0,0,0,1,0,1,1,0,1,0,0
67,43915.77,9.413829,1,1,61.96091,5688.676981,67,1,0,0,0,1,0,1,1,0,1,0
44,100861.7,11.24791,0,1,22.04122,2261.179586,44,0,0,1,0,1,0,1,0,1,1,0
32,1736.32,14.51058,1,0,52.73595,5199.476177,32,0,0,0,1,1,0,1,0,1,1,0
73,3900.77,9.017084,1,2,17.8565,2167.855557,73,1,0,0,1,0,0,1,0,0,1,1
22,22393.09,8.116704,0,0,50.05258,5005.571485,22,1,0,0,0,1,0,1,0,1,1,1
36,106700.6,8.844759,2,1,69.7635,5757.753614,36,0,0,0,1,0,1,1,0,0,0,0
75,79322.08,8.127926454,0,0,5.105265612,819.3644961,75,1,0,0,0,0,1,1,1,0,1,1
58,34267.42,15.80681,2,0,69.9263,6820.82156,58,0,0,1,0,0,0,1,0,1,1,1
37,6556.37,13.39001,3,1,64.62103,5748.202465,37,0,0,1,0,1,0,1,0,1,1,1
55,17176.02,3.824619,3,0,55.15375,5413.024984,55,1,0,0,1,0,0,1,0,0,0,1
21,64204.39,12.63743,0,0,6.281821,965.039948,21,0,0,0,0,1,0,1,1,0,1,1
51,49337.37,9.790214,0,1,62.94995,5461.005526,51,0,0,1,0,0,1,0,0,1,1,0
29,38159.22,4.460194,2,1,11.739,2212.982101,29,0,0,0,0,0,0,1,1,1,1,1
55,13556.03,8.981202,0,1,70.82774,5994.045373,55,1,0,1,0,0,1,1,0,0,0,1
45,33809.72,3.908365171,1,1,29.10639477,2678.418264,45,0,1,0,0,0,1,1,0,0,0,1
28,49166.12,8.227196,1,1,15.80736,2083.424243,28,0,1,0,1,0,1,1,0,1,1,1
77,36678.72,10.35866414,0,0,28.86969715,3088.823891,77,1,0,0,0,0,0,1,0,0,0,1
43,20823.33,7.092099,1,0,62.2002,6055.20888,43,1,0,0,1,1,0,1,0,1,1,1
22,13102.29,4.812688,1,1,51.36891,4429.96209,22,0,0,0,0,1,0,1,0,0,0,0
29,46393.66,14.39565424,3,0,10.30304569,1574.687531,29,1,0,0,1,0,0,1,0,0,0,1
62,79432.6,9.985414526,1,0,6.820250541,1054.514104,62,1,0,0,1,0,1,0,0,0,1,0
81,77898.38,10.64125,2,0,66.67798,6150.804869,81,1,0,1,0,1,0,1,0,0,1,1
66,27885.38,6.087081,0,1,52.36353,5055.080442,66,1,0,0,1,0,0,1,0,0,1,1
19,24366.76,14.98804,2,0,70.52668,6717.631884,19,0,0,0,1,0,0,1,1,1,0,0
64,97871.03,5.089983,1,0,62.84343,5649.203405,64,0,0,1,0,0,0,1,1,0,0,0
34,64868.33,6.131562,1,0,2.758928,777.0645087,34,0,0,0,0,0,0,1,0,1,0,0
25,47909.98,16.92155,0,3,58.94262,5562.842119,25,1,0,0,1,0,0,1,0,0,0,1
80,76436.8,5.653727,1,2,67.20269,6031.136319,80,1,0,0,0,1,0,1,0,0,1,0
29,73958.51,10.46924,1,1,67.94243,6638.783919,29,1,0,0,0,0,0,1,0,1,1,0
35,46120.62,11.33498823,1,1,3.508552886,1014.075999,35,1,0,0,0,1,0,1,0,1,1,0
32,37628.81,15.05826,2,0,71.39564,6571.767003,32,0,0,0,1,0,0,1,0,0,1,1
22,39281.35,14.68014234,0,0,7.931439645,1262.007891,22,1,0,0,1,1,0,0,0,1,0,1
22,25877.54,8.018422,3,0,6.039499,1180.763502,22,1,0,1,0,0,0,1,0,0,0,0
68,26375.76,11.19425,3,0,7.704074,1436.32927,68,1,0,0,0,0,0,1,1,0,1,0
55,30938.57,10.39695,0,0,69.026,6768.348896,55,1,0,1,0,0,0,1,0,0,1,0
82,33144.92,11.41366,2,0,54.30563,5083.752685,82,1,0,0,0,1,0,1,0,1,1,0
64,16359.9,11.10706,1,0,12.72079,1388.786045,64,1,0,0,1,1,0,1,0,0,0,0
83,125288.6,11.55733,1,0,2.026825,364.1796625,83,0,0,0,0,1,0,1,0,1,1,0
53,70622.1,5.573652,1,0,55.24695,4815.434176,53,0,0,1,0,0,1,1,0,0,0,0
69,75443.13,10.91251295,1,2,5.822867455,1084.807286,69,0,0,0,0,0,1,1,0,0,1,1
61,31559.08,8.84265,0,0,6.623366,871.6497245,61,1,0,1,0,0,1,1,0,0,1,0
42,13288.17,12.84976081,1,1,3.12313921,875.1196392,42,1,0,0,0,1,0,1,1,1,1,0
20,19288.37,8.75898,3,0,61.12405,5451.33929,20,1,0,0,1,1,0,1,0,0,1,0
35,23519.38,14.45591,0,0,7.833185,1051.602727,35,0,0,1,0,0,1,1,1,0,0,1
57,54514.78,12.0364,0,1,54.60704,4783.923527,57,0,0,0,0,0,1,1,1,0,0,0
21,6081.68,8.054444,4,1,69.48617,6714.393196,21,1,0,0,0,1,0,1,1,0,1,1
26,37627.29,7.081915,1,1,48.31617,4697.773285,26,0,0,0,0,0,0,1,0,1,0,1
72,74252.79,9.091339,1,0,5.787415,856.755649,72,1,0,1,0,1,0,1,0,0,1,1
72,44435.09,8.890347,2,1,67.14449,5687.54248,72,0,0,0,1,1,0,1,0,0,1,0
86,39513.49,11.42905,2,0,48.05636,5006.189003,86,0,0,1,0,0,0,1,1,1,1,1
52,81042.06,13.05951,2,1,70.24155,6327.154101,52,0,0,1,0,0,0,1,1,0,0,1
69,35531.41,8.920519,1,1,16.17631,2123.824956,69,1,0,0,1,0,0,1,1,0,0,0
87,35805.47,14.47842,1,0,2.223563,873.3472232,87,1,0,0,1,0,0,1,0,1,1,0
34,8316.09,15.17632,2,0,64.26152,6473.341815,34,0,0,0,1,0,0,1,0,0,1,1
25,17781.91,12.07096,0,1,63.47229,5973.523544,25,1,0,0,1,0,0,0,0,0,0,0
89,28330.55,10.86134286,3,0,2.904448825,800.1531959,89,0,0,0,0,0,0,1,0,1,0,0
55,81149.0,6.209465,1,0,55.19347,4934.723127,55,1,0,0,0,1,0,1,1,1,1,0
30,19713.67,11.38017,3,0,6.472433,1176.899402,30,1,0,1,0,0,1,1,0,1,1,1
85,41066.46,9.467504,1,0,59.47229,4968.105348,85,0,0,0,0,1,0,1,0,1,0,1
22,14666.27,13.62518,1,0,4.610249,1403.371015,22,1,0,0,1,0,0,1,0,1,0,1
73,29249.18,6.479792672,0,0,11.95255483,1232.913132,73,1,0,0,1,1,0,1,0,1,0,1
47,51475.44,14.35929,3,1,67.3458,6320.777008,47,0,0,0,0,0,0,1,0,1,0,0
85,1563.64,10.18302,3,0,60.37982,5910.719593,85,1,0,0,0,0,0,1,1,1,1,0
47,35302.52,14.01485542,1,1,11.73724209,1668.199119,47,1,0,0,0,1,0,1,0,0,1,1
60,3308.31,9.696143,3,0,62.11401,5663.31815,60,1,0,0,0,1,0,0,0,1,0,1
47,51223.48,11.63648,1,0,64.74166,6519.801796,47,1,0,0,1,0,0,1,0,0,1,0
77,22342.54,9.714093,1,0,14.84017,1604.504838,77,1,0,0,0,0,1,1,1,0,1,0
37,14976.23,12.37749,0,0,62.8566,5770.590829,37,0,0,0,0,0,1,1,0,0,1,1
62,12705.84,14.64928,2,0,67.10152,6130.335448,62,0,0,0,0,1,0,1,0,1,1,0
22,21395.1,12.17483,1,0,5.892496,716.9177978,22,0,0,0,0,1,0,0,0,1,0,0
73,36658.04,10.26971,0,1,62.08608,5746.521769,73,0,0,0,0,0,1,0,0,1,1,1
18,19789.59,4.681246,2,0,1.293553,278.4405252,18,0,0,0,1,1,0,1,0,0,0,0
49,40057.31,11.00613,1,0,48.52168,4486.430136,49,0,0,1,0,0,0,1,0,0,0,1
28,79152.4,10.08354,0,0,5.364231,1145.096989,28,1,0,0,1,1,0,1,0,0,1,0
78,19755.18,4.773365,0,0,61.10961,5735.231545,78,0,0,0,1,0,0,1,0,1,1,1
86,37302.74,9.898908462,0,1,20.96098587,2252.093831,86,0,0,0,1,1,0,1,0,1,1,1
44,22428.29,7.926134,2,0,67.88936,6624.884891,44,1,0,0,0,0,0,1,0,0,1,1
60,12534.97,9.515782,1,0,67.00167,5932.680423,60,0,0,0,1,1,0,0,1,1,1,1
76,6315.61,7.590769,0,1,9.38517,1461.269401,76,0,0,1,0,1,0,0,1,1,1,0
23,6820.51,10.93998,2,1,64.48112,6048.807482,23,0,0,0,0,0,0,1,0,0,0,0
39,11435.62,8.931385159,0,0,3.135848347,677.2734494,39,1,0,0,1,0,1,1,0,1,1,0
30,38373.52,7.763471,0,1,60.1501,5758.657128,30,0,0,0,0,0,0,1,1,1,0,0
23,7371.1,8.397641269,4,1,11.20984456,2026.429158,23,1,0,1,0,0,0,1,1,0,1,0
62,6759.91,15.28653,2,1,68.45528,6125.329205,62,0,0,0,0,1,0,0,0,0,1,0
79,51224.64,12.04113,1,0,10.13511,1097.624148,79,0,1,0,1,1,0,1,0,1,0,1
48,5952.44,8.355446,1,0,1.275948,476.7850753,48,1,0,1,0,0,1,1,1,1,0,0
22,14352.3,6.22605,1,1,43.28044,4221.824522,22,1,0,1,0,0,0,1,0,0,0,0
72,7079.02,8.082,1,0,14.21143,1813.71251,72,0,1,0,0,0,0,1,0,0,0,1
72,18961.05,11.62638,1,2,70.77383,5943.959339,72,0,0,1,0,1,0,1,0,0,0,1
40,23375.97,12.34344,1,0,71.09348,6545.083981,40,1,0,0,0,0,0,1,0,0,0,0
19,56246.75,12.45674,0,0,12.95912,1333.702402,19,1,0,1,0,0,1,1,0,0,0,0
67,46323.88,14.20174,0,1,51.43424,4422.020076,67,0,0,1,0,1,0,1,0,0,0,0
43,79669.11,11.20745718,0,1,27.96096319,2687.9401,43,0,0,0,0,0,1,0,0,1,1,0
31,53015.75,10.42329,1,0,60.5753,5626.984861,31,0,0,1,0,0,0,1,0,1,0,0
63,108805.1,12.19485,1,2,51.58906,4774.105626,63,0,0,0,0,0,1,0,1,0,1,0
19,16764.77,15.71715,3,0,6.853152,1313.391104,19,0,0,0,0,0,0,1,1,0,0,1
34,27296.2,14.24573,0,1,59.84496,5323.572726,34,1,0,1,0,0,1,1,0,0,0,1
63,23355.34,14.05088,0,0,52.9247,4932.430411,63,1,0,1,0,0,0,1,1,0,0,0
75,4522.89,7.256689,1,1,69.06918,6108.111467,75,1,0,1,0,0,1,1,0,0,1,0
62,67893.56,6.267459,1,1,18.34717,2022.620666,62,0,0,1,0,1,0,1,0,1,1,0
73,62362.09,8.889321,1,2,3.680185,587.7258611,73,1,0,1,0,1,0,1,0,0,0,0
61,10001.35,10.73158,1,0,66.6997,6100.656645,61,0,0,0,1,0,0,1,0,0,1,0
57,19992.77,6.899189425,1,0,9.878308737,1647.420385,57,1,0,0,1,0,0,1,0,1,1,1
86,44969.31,13.23552,1,1,2.323179,990.7760503,86,1,0,0,1,0,0,1,1,1,1,0
37,39369.75,10.85287,3,0,11.16386,1317.388693,37,0,0,0,0,1,0,1,0,0,0,0
33,66681.76,8.687753,1,0,70.67499,6682.345453,33,0,0,0,0,0,0,1,1,0,0,1
50,19133.76,9.993073346,3,1,7.176411327,1381.802291,50,1,0,0,0,1,0,1,1,1,1,0
82,14875.78,3.774342,2,1,58.67524,5616.467158,82,1,0,0,1,0,0,1,0,0,1,1
24,4035.91,12.39438,0,0,62.91776,5507.18923,24,0,0,0,1,1,0,1,1,0,0,0
83,14078.51,13.12414,1,0,71.0114,6053.671903,83,0,0,0,1,1,0,1,0,1,0,1
65,23691.5,6.488715,0,1,1.650984,1328.483312,65,1,0,1,0,0,0,1,1,1,1,0
55,23572.65,5.802625,1,0,70.35146,5931.909999,55,1,0,0,1,1,0,1,1,0,0,0
69,35524.46,8.836395031,0,1,19.25835701,2623.835938,69,1,0,0,1,0,0,1,0,1,0,1
75,10494.28,10.7481104,1,1,9.490754438,980.0465426,75,0,0,0,1,0,1,1,0,0,1,1
26,24166.24,13.36710209,0,0,11.80191083,1233.889856,26,1,0,0,1,1,0,1,1,0,0,0
82,28823.65,15.08815,0,0,6.403708,1649.105838,82,1,0,0,0,0,0,1,1,1,1,1
70,33502.78,8.743392,0,0,58.18819,5808.103829,70,0,0,0,1,0,0,1,1,0,1,0
30,81148.39,5.163759,1,1,46.04792,4170.178568,30,1,0,1,0,0,1,1,0,0,1,1
88,100224.4,11.35857,0,0,52.29776,4680.412054,88,1,0,0,0,1,0,1,0,0,0,0
61,32389.5,10.67064745,2,2,5.028564472,698.7845202,61,0,0,0,1,1,0,1,1,0,1,0
18,11969.69,8.023097117,2,0,4.667703398,1621.139508,18,0,0,0,1,0,0,1,1,1,1,0
40,56961.06,7.753207,2,0,4.14274,1012.974384,40,0,0,0,1,0,1,0,0,1,1,0
51,44847.15,13.7101,1,0,43.98704,4021.932527,51,1,0,1,0,0,1,1,0,1,1,1
56,11345.68,9.360835,5,0,66.27924,6262.462856,56,1,0,0,0,0,0,1,0,0,0,0
49,26391.1,14.04061351,1,0,14.09942339,1693.576099,49,1,0,0,1,1,0,1,0,0,1,0
61,54187.79,10.49813,0,1,69.28716,6051.573796,61,0,1,1,0,1,0,1,1,1,0,1
38,11182.43,8.998522,2,0,66.66711,6466.569641,38,0,0,1,0,0,0,1,0,0,1,1
88,21512.56,8.957051,1,0,6.431215,1377.348602,88,1,0,1,0,0,0,0,0,0,1,0
53,15281.28,14.84155042,3,0,9.999416271,1452.334634,53,1,0,1,0,0,0,1,1,0,0,0
27,16276.54,14.7633,2,0,59.9904,5569.122833,27,0,0,0,1,1,0,1,1,1,1,1
22,67857.57,6.049731,1,0,60.76389,5701.462059,22,0,0,1,0,0,1,1,1,0,1,0
55,42515.3,7.173919,1,0,54.21707,4688.358124,55,0,0,0,0,0,1,1,0,0,1,0
86,6992.92,10.66418,1,1,22.25056,2162.669491,86,0,0,0,0,1,0,1,0,1,1,1
87,19461.01,9.696417,0,0,54.47785,5171.93181,87,1,0,0,1,0,0,1,0,1,0,0
74,64446.9,11.17971961,2,0,14.12966281,1854.793303,74,1,0,0,0,0,1,1,0,1,1,1
21,78537.66,15.55101617,0,0,4.173314039,1560.361086,21,1,0,0,0,0,0,1,0,1,1,1
63,19048.13,11.27443693,2,1,2.203859443,1120.241472,63,0,0,1,0,0,0,1,0,1,1,0
26,50930.19,6.947436,0,0,64.07652,5998.967483,26,0,0,1,0,1,0,1,0,0,1,1
37,40132.21,16.10566,2,0,67.78257,6335.816115,37,1,0,1,0,0,1,1,0,1,1,1
24,65486.61,13.56479,2,1,60.98321,5939.670076,24,0,0,0,1,0,0,1,1,1,0,0
69,49245.97,15.43806,1,0,65.07415,5632.965693,69,1,0,0,1,0,1,1,0,0,0,1
31,54531.53,9.127013,1,0,12.4962,2193.26463,31,0,0,0,0,0,0,1,0,1,1,1
31,4145.29,11.43356,0,0,59.59893,5312.34805,31,1,0,0,0,1,0,1,0,0,1,1
55,23095.6,11.84008,4,0,67.35636,5786.391502,55,0,0,1,0,1,0,1,0,0,0,0
74,20882.6,10.78887,0,0,60.09935,5116.646122,74,0,0,0,0,0,1,1,1,0,0,0
24,56243.26,9.983208,2,0,3.600682,935.8715835,24,0,0,1,0,0,1,1,0,0,1,0
44,79942.93,14.69877,1,0,66.57985,6076.755109,44,1,0,0,1,0,0,1,1,0,0,0
70,65477.76,12.97906926,2,1,3.551651444,1048.538032,70,0,0,1,0,0,0,1,1,1,1,1
21,28727.43,10.55414085,1,0,19.58895462,2323.477681,21,0,0,0,1,0,0,1,0,1,0,1
77,31300.68,12.1986895,2,0,19.244458,1889.642423,77,0,0,1,0,1,0,1,0,1,0,1
33,52263.69,9.77949,2,0,56.01484,5272.029955,33,1,0,1,0,1,0,1,1,0,1,1
74,48715.53,11.9664542,1,0,3.180102025,724.7803356,74,0,1,0,0,0,1,1,0,0,1,1
74,50806.21,12.11791408,3,0,3.7013893,406.5230396,74,0,0,0,1,0,1,1,0,0,0,1
66,30663.14,6.69772,2,2,4.656535,1012.460755,66,1,0,0,1,1,0,0,0,1,1,1
27,67600.28,8.903042,2,1,7.218929,1144.50246,27,0,0,0,0,1,0,1,0,1,0,1
85,18788.66,15.34353703,1,0,9.378558244,1150.450972,85,1,0,0,1,1,0,0,0,0,0,1
28,21861.69,11.28505526,0,0,2.072317222,676.2054121,28,1,0,0,1,1,0,1,0,0,1,1
70,74396.6,8.955496,2,0,1.320603,924.0477339,70,0,0,0,1,0,0,1,0,1,1,1
82,24431.39,9.044468,2,0,1.794202,917.029715,82,1,0,0,1,0,0,1,0,1,0,0
87,52838.06,12.66209,1,0,54.42917,4491.178233,87,0,0,0,0,1,0,1,0,1,0,0
46,62785.86,9.817687,0,0,54.41975,5206.882205,46,0,0,1,0,1,0,1,0,1,1,1
23,36537.4,9.270473,3,0,64.9277,5835.311159,23,0,0,1,0,1,0,1,0,1,1,1
74,72753.32,6.436341,0,2,66.19976,5913.740403,74,1,0,0,1,1,0,1,1,1,1,1
72,55046.63,11.41187,1,0,7.513611,797.0949032,72,0,0,0,0,0,1,0,0,0,1,1
48,41250.17,10.2122,1,0,5.848803,821.6574124,48,1,0,1,0,1,0,1,0,0,1,1
26,25683.2,11.20259,0,0,70.08722,6318.942793,26,1,0,0,1,1,0,1,1,0,1,0
53,27970.6,13.82199,0,2,62.20783,5841.787149,53,1,0,0,1,0,0,1,1,1,0,0
44,86896.2,8.212326,1,1,9.349103,1087.694968,44,0,0,0,0,0,1,1,0,1,1,0
75,25130.75,7.739914,0,0,8.867984,1089.367201,75,0,0,0,0,1,0,1,1,1,1,1
54,108135.1,9.164653,0,0,6.453124,792.1819969,54,0,0,0,0,1,0,1,0,1,0,0
31,7410.71,11.64621,0,1,11.99482,1293.256696,31,1,0,1,0,1,0,1,0,0,0,1
27,19419.61,13.73389,2,1,57.62771,5437.296776,27,0,0,0,0,0,0,1,0,0,0,0
26,14345.87,7.484153,0,1,21.52164,2150.01852,26,0,1,1,0,1,0,1,0,0,0,1
26,14808.26,6.249562,1,0,53.62757,5254.650966,26,0,0,0,1,1,0,0,1,1,1,0
79,33813.25,8.135724,2,0,58.72868,5174.997026,79,0,0,1,0,1,0,0,1,0,1,1
86,72436.33,7.92301547,0,0,9.85591776,1014.45747,86,0,0,0,1,1,0,1,0,0,0,0
47,25331.3,8.194610203,1,1,11.41238102,1511.115195,47,0,0,0,0,0,0,1,0,1,0,0
74,69230.08,11.46896,0,0,67.54816,6115.858738,74,1,0,0,0,0,1,1,0,0,1,1
60,45091.73,11.1808,1,0,12.94793,1126.457158,60,0,0,0,0,1,0,1,0,0,0,0
35,52728.01,9.491553,2,0,4.767276,1045.602146,35,0,0,0,1,0,0,1,0,0,0,1
30,85003.51,5.475599,2,0,22.05688,2696.777135,30,0,0,0,1,0,1,1,0,0,1,1
34,10934.28,7.493478513,0,0,8.926271021,1264.332813,34,0,0,0,0,0,1,1,0,0,0,1
89,17072.33,11.32238,1,0,8.561641,984.7206752,89,1,0,1,0,1,0,1,1,0,1,1
72,13837.86,11.84312,1,1,62.23897,5806.10196,72,1,0,0,0,0,0,1,0,0,1,0
83,24940.42,14.0011,0,0,7.232429,1575.575608,83,1,0,0,0,0,0,1,0,1,1,1
65,27535.44,9.233939,1,0,67.90183,6171.559833,65,1,0,1,0,1,0,1,0,1,1,0
42,21355.46,9.96723,0,0,66.41154,5872.762953,42,0,0,0,0,1,0,0,0,1,0,1
76,30434.99,11.30992672,0,1,15.02077659,1630.020341,76,1,0,1,0,1,0,1,1,1,0,0
79,73378.99,6.599742586,0,0,6.786723844,957.753476,79,1,0,0,1,0,1,1,0,0,0,1
81,61722.44,17.40257,1,1,61.48957,5514.318979,81,0,0,0,1,1,0,1,0,0,1,1
69,53224.48,10.79852,0,0,69.14141,6746.608618,69,1,0,0,0,0,0,1,0,0,1,0
68,14553.16,10.31335,1,0,67.37714,6196.420115,68,0,0,0,1,0,0,1,0,0,1,1
57,96431.37,12.78854,0,0,4.066766,1241.877666,57,0,0,1,0,0,0,1,1,0,0,1
22,901.21,12.38127,1,1,18.96848,1811.884356,22,0,0,0,1,1,0,1,0,0,0,1
83,12860.97,9.250737,2,0,70.39347,6266.666067,83,1,0,1,0,0,1,1,0,0,1,0
55,13814.44,11.57698,1,0,7.88215,1475.953048,55,1,0,0,1,0,0,1,1,1,1,0
84,27123.66,12.32696,1,0,69.36684,5986.22023,84,0,0,0,0,0,1,1,1,1,1,1
64,19887.32,5.659084819,2,0,16.24273454,1656.731409,64,1,0,1,0,1,0,1,1,1,0,0
45,24686.12,7.163430764,1,0,3.845852341,1454.360571,45,1,0,0,0,0,0,1,0,1,0,1
86,30142.44,10.43511467,0,0,7.073151031,1489.301457,86,0,0,0,1,0,0,1,0,1,1,0
42,45373.95,13.0284,2,0,71.71756,6753.968051,42,1,0,0,1,0,0,1,0,0,0,0
47,8244.17,2.482674,0,0,61.77813,5532.170372,47,1,0,0,0,0,1,0,1,1,0,0
50,29940.45,7.065505359,1,0,8.315973557,991.7932314,50,1,0,0,1,1,0,1,0,0,0,0
42,18640.62,8.250739,2,1,47.67411,4088.474484,42,0,0,1,0,1,0,1,1,1,0,0
36,57501.66,10.11802,0,0,58.62812,5411.328838,36,1,0,0,0,1,0,1,1,0,0,1
62,12050.23,9.250838,2,0,3.079288,707.1891381,62,0,0,0,1,0,0,1,0,1,0,0
29,115114.57,5.880565591,1,0,16.87922024,1948.694497,29,0,0,0,1,1,0,1,1,0,0,0
85,77478.63,14.69711,1,1,50.09435,4561.818178,85,1,0,1,0,1,0,1,1,0,0,1
32,109866.0,6.970213,0,1,57.59524,5899.937578,32,1,0,1,0,0,0,1,0,1,1,0
24,19121.4,11.06216,1,1,71.73682,6557.092992,24,1,0,0,0,0,1,1,1,1,0,0
73,41481.81,9.593068,1,0,7.097053,506.014128,73,0,0,1,0,1,0,1,0,0,0,0
42,20551.82,10.26686,1,0,65.34217,5821.339699,42,1,0,0,0,1,0,1,1,0,0,0
85,16280.67,11.63652,2,1,61.43691,5436.403424,85,1,0,0,0,1,0,1,0,0,0,1
61,28963.75,11.7278,1,2,24.94225,2246.098296,61,1,0,0,0,1,0,1,0,0,0,0
18,57067.4,9.190582,1,0,69.5381,6857.221544,18,1,0,0,1,0,0,1,1,0,1,0
39,32221.49,9.399095,3,0,1.571176,499.02956,39,1,0,1,0,1,0,1,0,0,1,0
80,21878.12,11.0781516,2,0,5.179004124,623.8543707,80,0,0,1,0,0,1,1,0,1,0,1
35,124025.1,11.01748,3,0,71.74779,6789.002522,35,1,0,0,0,0,0,1,0,1,1,1
47,85147.06,7.540632126,0,0,3.811416865,1023.702263,47,0,0,1,0,0,0,0,0,0,0,0
31,14048.76,6.210987,1,1,9.637159,1639.666431,31,1,0,0,0,0,1,0,1,1,1,0
60,89037.69,5.771579921,1,0,10.404813,1556.108789,60,0,0,0,0,1,0,1,1,1,1,0
84,53979.72,8.152813,0,1,55.68741,4637.682474,84,0,0,1,0,0,1,1,0,0,0,1
74,23283.85,5.819784,1,0,49.59222,4596.408358,74,1,0,0,1,0,0,1,0,1,0,0
47,32022.13,9.664759,0,1,56.69865,5105.658715,47,0,0,0,0,1,0,1,1,1,0,1
64,9041.08,8.877390965,1,2,6.605815722,1018.373473,64,1,0,0,1,1,0,1,0,1,0,0
83,15931.18,10.28991,0,0,67.50861,6119.953747,83,1,0,0,0,1,0,1,0,0,1,1
44,80844.48,6.325988402,1,0,7.161869147,1371.738945,44,0,0,1,0,0,0,1,1,1,0,0
83,34710.68,6.762606,0,0,68.47424,5805.877345,83,1,0,0,1,1,0,1,0,0,1,0
28,14393.72,12.55052929,3,0,1.634394387,883.9008134,28,1,0,1,0,1,0,1,1,0,1,0
80,1443.24,12.29069,1,1,16.12056,1772.729252,80,1,0,1,0,1,0,1,0,1,1,1
32,24090.62,8.255565152,0,0,18.55959629,2016.710031,32,1,0,1,0,1,0,1,0,0,1,0
19,23399.32,12.01345,1,0,45.59475,4652.920592,19,1,0,1,0,0,0,1,0,0,1,0
74,29602.2,12.79546,2,0,2.446064,1066.183659,74,1,0,0,0,0,0,1,0,0,1,1
27,52554.28,13.71759,0,1,62.99218,6318.070535,27,1,0,1,0,0,0,1,1,0,1,1
67,156740.67,13.45818264,1,0,1.092219692,499.7170655,67,1,0,0,0,1,0,1,0,0,0,1
34,17175.88,9.008521,0,2,44.14809,4347.709252,34,1,0,0,0,1,0,0,1,0,1,0
34,115414.9,10.7843,3,1,5.66162,1478.422099,34,1,0,0,1,0,0,0,0,1,1,0
24,12826.8,12.98536,2,1,66.03197,6005.171652,24,0,1,1,0,1,0,1,1,1,0,1
56,11160.15,10.15084,1,0,63.73429,6334.652427,56,1,0,0,1,0,0,1,0,1,1,0
71,20191.76,9.741346714,0,1,2.566196093,774.8506663,71,1,0,0,1,1,0,1,0,0,1,0
42,142119.3,10.64974,1,0,64.71742,5694.946384,42,1,0,1,0,1,0,1,0,0,0,0
21,12654.73,7.979052,0,0,64.56029,5989.347785,21,0,0,0,1,0,1,1,1,0,1,0
51,32459.53,14.20149723,1,0,10.1127187,1282.45127,51,1,0,1,0,1,0,1,0,1,0,0
86,6689.37,7.86445,0,0,40.731,4313.243257,86,0,0,1,0,0,0,1,0,0,1,1
24,22431.45,14.15969,1,1,65.91841,6277.33482,24,0,0,1,0,0,0,1,1,1,0,1
28,35207.1,5.996711,1,1,68.47895,6520.882525,28,1,0,0,0,1,0,1,1,0,1,1
23,1817.99,9.617616,1,0,8.915226,1586.632329,23,1,0,0,0,0,0,0,1,0,0,1
21,24653.47,15.77985,2,0,64.56952,6063.474111,21,1,0,0,0,0,0,1,0,0,0,1
77,86877.95,14.83322,0,1,2.958575,531.0770713,77,0,0,0,0,1,0,1,1,1,1,0
45,69222.79,15.42891992,0,1,6.215774391,1607.735971,45,1,0,0,0,0,0,1,0,0,1,0
19,26249.7,8.347242,3,0,64.01652,6110.01152,19,1,0,0,0,1,0,1,1,1,1,0
32,20436.28,7.85989854,0,0,6.862244054,1476.644914,32,1,0,0,1,1,0,1,1,1,1,0
30,24707.03,11.5315,1,0,64.48925,5345.265159,30,0,0,0,0,1,0,1,0,0,0,0
55,48618.33,7.121114,0,0,6.905799,914.6362933,55,0,0,0,1,1,0,1,0,1,1,1
65,15264.99,9.134223,2,2,3.664542,963.6972905,65,1,0,1,0,0,0,1,0,0,1,0
19,76525.77,6.086425,0,1,67.57419,6632.42053,19,0,0,1,0,0,0,1,1,0,0,1
20,7657.12,10.24791,0,0,3.052755,609.9482209,20,0,0,1,0,1,0,0,1,0,0,1
47,31344.35,13.87639,2,0,69.5048,6391.573253,47,0,0,0,1,1,0,1,1,1,1,1
51,34919.71,12.52796,0,0,39.70805,4290.116592,51,1,0,0,0,0,0,1,1,1,0,1
75,20940.34,4.827944,0,1,6.482702,1170.945568,75,0,0,0,0,0,0,1,0,1,0,1
30,64027.82,8.71185,1,0,6.446079,918.6663119,30,0,0,0,1,1,0,1,0,0,0,0
20,52730.55,12.01205,1,1,46.24205,5116.648865,20,1,0,0,0,0,0,1,1,1,1,1
70,6119.53,9.411397,3,1,1.31809,295.3935883,70,0,0,0,1,0,1,1,0,0,0,0
55,76763.34,14.62487,1,0,18.76373,2143.189724,55,0,0,0,1,0,0,1,1,0,0,0
75,48524.09,7.516963,0,0,54.23273,4968.719293,75,1,0,0,0,1,0,1,0,0,1,0
39,46605.04,4.815435,0,0,63.42204,5566.008454,39,1,0,0,0,0,1,1,0,1,0,1
18,27405.08,10.3803815,2,3,4.475652318,1233.62831,18,0,0,0,0,0,0,1,0,1,0,0
82,38056.65,12.30736,1,1,15.95966,2158.69019,82,0,0,0,1,0,0,1,1,1,0,1
28,16984.19,10.22821,1,0,57.89422,5531.532115,28,0,0,0,0,0,0,1,0,1,0,1
68,37186.43,13.88825,1,0,63.63416,5590.205755,68,1,0,0,0,1,0,1,0,0,0,1
56,53714.51,8.396286,1,0,68.59815,5957.424012,56,0,0,1,0,1,0,1,0,0,1,1
23,15240.37,9.742724,1,1,7.773669,888.4950848,23,1,0,0,0,1,0,1,0,1,0,0
18,17092.77,14.62128,1,0,69.87041,6815.305528,18,1,0,1,0,0,0,0,0,0,1,0
82,83813.21,13.33731,1,0,39.62761,3572.738241,82,1,0,0,1,1,0,1,0,1,0,0
53,41900.38,10.72665,1,0,62.83864,5499.615826,53,0,0,0,0,0,1,1,1,0,0,1
25,12346.69,9.979353,2,1,56.08957,4840.964036,25,0,0,0,1,1,0,0,1,0,0,0
56,90059.86,8.862064813,0,0,8.886453729,1390.292533,56,1,0,1,0,0,0,1,0,0,1,0
63,23662.64,4.615568,0,0,48.57121,4218.975069,63,0,0,0,1,1,0,1,0,1,0,1
45,62420.93,6.095828,3,1,71.63571,6686.415286,45,0,0,1,0,0,0,0,1,1,0,0
22,43665.61,7.99375,1,1,50.80222,5147.07499,22,1,0,0,1,0,0,0,0,1,0,1
48,28861.44,11.95606,1,0,8.079294,1403.556394,48,1,0,0,1,1,0,1,1,0,1,1
61,50335.34,13.21238,1,0,71.86603,6619.456202,61,1,0,0,0,0,0,1,0,1,1,0
40,74381.07,15.15657239,1,0,2.179548523,1211.247766,40,0,0,0,0,0,0,1,0,0,1,0
18,25947.16,10.71589,1,0,9.131577,1458.027932,18,0,0,0,1,0,0,0,0,0,0,0
40,116303.0,13.00405,2,0,53.22972,4771.495872,40,0,0,1,0,1,0,1,1,1,1,0
30,51266.47,8.913392702,1,0,12.77495667,1612.238384,30,1,0,0,1,1,0,1,0,0,1,0
52,20845.37,9.447473,0,0,70.36396,6136.653635,52,0,0,1,0,0,1,0,0,0,0,1
49,96022.76,8.025412394,2,0,9.758067608,1619.817463,49,1,0,1,0,0,0,1,0,0,1,1
76,25196.43,6.31599,0,0,66.88131,6304.203672,76,1,0,1,0,0,0,1,0,0,1,1
24,55663.41,9.871425,1,0,20.22191,2643.645671,24,0,0,1,0,0,0,1,0,0,1,0
19,38329.67,9.535058,3,0,65.93142,5985.296176,19,1,0,1,0,1,0,1,1,0,1,0
84,15037.87,9.378955,0,0,65.08131,5291.934219,84,0,0,0,1,1,0,1,1,0,0,0
71,23856.19,7.636536,1,0,4.38777,890.2145776,71,0,0,0,1,0,0,0,0,0,1,0
44,146958.0,14.5306,0,1,69.74945,6312.410152,44,0,0,0,0,1,0,1,1,1,0,0
21,63870.16,12.94624,2,0,70.42914,6383.577895,21,0,0,1,0,1,0,1,1,1,0,1
49,12958.74,2.783453,2,0,54.84444,4835.663594,49,0,0,1,0,1,0,1,1,0,0,0
60,15137.08,10.21358,2,0,10.45425,1143.379552,60,0,0,1,0,1,0,1,0,0,1,0
57,38957.95,11.61185,1,0,46.22292,4625.577762,57,0,0,1,0,0,1,1,1,1,1,1
88,12146.64,8.244134358,0,1,5.867164261,386.8447822,88,0,0,1,0,1,0,0,0,0,0,0
57,19254.52,15.09579419,0,0,2.934758008,535.493169,57,1,0,0,0,1,0,1,1,0,0,0
53,12782.07,5.330342998,2,1,7.110141173,894.626194,53,0,0,0,1,0,1,1,1,1,0,1
36,57322.77,16.89111923,1,0,8.085917091,1088.288955,36,0,1,0,1,1,0,1,0,0,0,1
42,50680.38,10.88315,1,0,63.10955,5695.993093,42,0,0,0,0,1,0,1,0,1,1,1
88,63461.18,10.84728,1,1,69.15198,6472.755676,88,0,0,1,0,0,0,1,1,1,0,1
49,32424.01,5.328414,3,0,49.4719,4545.534432,49,1,0,1,0,0,1,1,0,1,1,1
53,49125.36,16.4764,2,1,52.26662,5218.124457,53,1,0,1,0,0,0,1,0,0,0,1
21,80492.82,12.64209,1,0,63.86178,5809.15662,21,1,0,1,0,0,1,1,1,0,1,0
75,36649.03,11.8295,0,0,11.00764,1835.301769,75,1,0,0,1,0,0,0,1,0,1,1
40,66746.67,9.889878,0,1,57.5331,5656.931032,40,1,0,1,0,0,0,1,1,1,0,1
75,16787.14,8.38306,0,0,5.833919,1098.532284,75,0,0,1,0,0,0,1,0,0,0,1
87,100685.6,11.73134,3,0,4.14344,487.4290639,87,1,0,0,0,1,0,1,0,0,0,0
57,12602.8,13.71294,2,0,66.00149,5956.933654,57,1,0,0,1,1,0,1,0,0,1,0
73,23324.66,10.48875,0,0,66.66853,6036.666027,73,1,0,0,0,1,0,0,1,1,0,0
87,67379.0,10.444,0,0,56.20378,4551.440341,87,0,0,1,0,0,1,1,0,0,0,0
76,21499.0,9.726859,2,1,64.56459,6235.697033,76,0,0,1,0,0,0,1,0,0,1,0
72,38137.48,9.296497381,2,0,3.27055489,911.5267548,72,0,0,0,0,0,0,1,0,1,0,1
68,51136.79,8.10121,0,1,14.45396,1684.339812,68,1,0,0,0,0,1,1,1,0,1,0
76,114044.9,12.40842,0,0,69.45823,5938.504348,76,0,0,0,0,0,1,1,1,0,0,0
34,15548.43,10.80098,0,1,62.5003,5921.61952,34,1,0,0,0,0,0,1,0,0,0,0
69,84009.73,8.520277,0,0,63.71108,5788.852546,69,0,0,1,0,1,0,1,1,0,1,0
54,26029.85,10.74527,0,0,70.18772,6373.036903,54,0,0,0,1,1,0,1,1,0,1,0
80,34784.01,15.60533,2,1,8.692007,1041.036664,80,0,0,1,0,1,0,0,1,0,1,1
33,33971.73,2.833788,0,0,56.37573,6089.067076,33,1,0,0,1,0,0,0,1,1,1,1
34,38674.95,8.523796,1,0,62.71338,5645.734587,34,1,0,1,0,1,0,1,0,0,1,1
86,54539.52,11.7083,2,0,55.69275,4711.062821,86,1,0,0,0,0,1,1,0,1,0,0
45,20114.83,11.22071,2,1,58.52385,5246.886102,45,1,0,1,0,1,0,1,0,0,0,1
65,23510.78,9.459743,1,1,45.85581,4479.98883,65,1,0,0,0,0,1,1,1,0,1,1
61,82302.01,12.03334,0,0,47.29134,4276.019791,61,0,0,0,1,1,0,0,0,1,1,1
55,46854.5,10.51853461,0,0,15.97494301,2035.008705,55,1,0,0,1,0,0,1,0,1,0,1
27,68836.22,8.653267,1,0,7.269016,1670.890036,27,0,0,0,1,0,0,1,0,0,1,0
78,30351.92,4.990463,1,1,7.685406,1057.31153,78,0,0,0,0,0,0,1,1,0,0,0
84,67228.71,11.41693893,0,0,7.40216226,1621.058909,84,1,0,0,0,0,0,1,0,1,1,0
40,35016.3,13.10714,0,0,62.75391,5743.678257,40,1,0,1,0,0,1,1,0,1,1,0
33,9120.65,9.850349,2,1,3.588245,452.390983,33,0,0,0,0,0,1,1,0,0,0,0
88,51179.24,8.490049,3,0,47.99239,4579.647107,88,1,0,0,1,1,0,1,1,0,1,1
50,16284.04,7.716878,0,0,8.33073,1171.237442,50,1,0,0,0,0,1,1,0,1,1,1
55,45830.71,11.341,2,0,5.23657,1322.686843,55,1,0,1,0,0,0,1,1,1,0,1
76,34685.97,10.26191,1,0,47.62011,4159.078651,76,0,0,0,1,1,0,1,0,1,0,0
41,17888.07,14.62580855,1,0,2.495010749,935.5106086,41,0,0,0,1,0,0,0,0,0,0,0
68,33362.41,11.7914,0,0,55.23911,4778.807562,68,0,0,0,1,1,0,1,0,1,0,0
75,5418.19,10.72904959,0,1,8.013365588,1313.686109,75,0,0,0,1,0,1,1,0,1,1,1
27,68388.05,6.170637,1,0,38.36776,3805.559709,27,0,0,1,0,1,0,1,0,0,1,0
56,47795.03,13.31611,1,0,62.60334,5951.423471,56,0,0,0,1,0,0,1,1,1,0,0
58,39103.7,3.597954,2,0,43.6544,3771.873422,58,0,0,0,1,1,0,1,0,0,1,0
59,4425.26,9.711712,0,0,5.459489,773.1752584,59,0,0,0,0,1,0,1,1,1,0,0
31,19800.81,10.31551212,2,1,5.15825129,1313.492851,31,1,0,0,1,0,0,1,0,1,1,0
70,40643.06,14.47622,1,2,18.44164,1760.029684,70,0,0,0,1,1,0,1,0,0,0,0
57,6959.92,13.03933816,0,1,6.526670837,640.9334119,57,0,0,0,0,0,1,1,0,0,0,0
77,25293.87,8.545651,1,0,43.50607,4023.11996,77,0,0,0,0,1,0,1,0,0,1,1
61,34411.1,12.81844,2,1,65.25348,5598.578895,61,0,0,1,0,1,0,1,1,0,0,1
56,23382.74,8.431329813,2,0,4.85576672,1060.026737,56,1,0,1,0,0,0,1,0,0,1,0
32,53267.14,8.197798,0,0,9.061231,1172.004801,32,0,0,0,0,1,0,1,0,1,0,1
54,21997.12,7.131512,1,0,5.750643,657.9643336,54,0,0,0,0,0,1,1,1,0,0,1
71,94076.08,7.605146,1,1,44.81075,4318.755591,71,0,0,1,0,0,0,0,1,0,1,0
39,98176.66,6.115071,0,0,10.4983,1691.271964,39,0,0,0,0,0,0,1,1,1,1,0
53,71144.84,10.97654,1,0,56.20104,5241.552098,53,0,0,0,1,1,0,1,1,0,0,0
46,59939.02,3.849388,0,0,38.8517,3462.288487,46,1,0,0,1,1,0,1,0,1,0,0
37,22019.01,8.517013,1,0,47.2887,4423.213665,37,1,0,0,0,0,1,1,1,1,0,0
86,6550.77,12.37071,0,0,69.66502,6307.09359,86,0,0,0,0,0,0,1,0,0,0,0
73,13378.66,11.93102,1,0,57.38041,5141.242839,73,0,0,1,0,1,0,1,1,1,1,0
37,30026.56,5.880279,2,0,60.93141,5639.075466,37,0,0,1,0,0,0,1,0,0,1,0
85,58485.86,9.208571,0,0,48.31275,4364.211589,85,1,0,1,0,1,0,1,0,1,0,1
63,10621.15,9.190279,0,1,55.50904,4852.623608,63,0,0,0,0,0,1,1,0,0,0,1
29,78712.17,8.473613,1,0,8.287531,1530.742396,29,0,0,1,0,0,0,1,1,0,0,0
47,20125.41,8.842692082,0,0,10.19243185,1277.521575,47,0,0,0,1,1,0,1,1,0,0,1
52,77013.22,12.35651,1,1,15.91192,2214.777592,52,0,0,0,1,0,0,1,0,1,0,1
82,17105.07,8.556630945,0,0,24.77325806,2234.450325,82,1,0,0,1,1,0,1,0,0,1,0
64,64699.15,11.1147,0,0,61.51143,5614.673422,64,1,0,0,0,0,0,1,0,0,0,1
51,75454.23,6.579744,5,1,64.95028,5745.359728,51,0,0,1,0,1,0,1,0,1,1,1
61,28129.21,5.600227586,1,0,8.498042024,1239.802036,61,1,0,0,1,1,0,1,0,1,0,1
53,28702.52,10.3045,0,0,67.39326,6387.155472,53,1,0,0,0,0,0,1,0,1,0,0
89,16372.68,8.403803,2,1,71.8851,6230.161803,89,0,0,0,0,1,0,1,0,1,1,1
78,2978.04,12.13409749,2,0,3.11643578,473.0515906,78,1,0,0,0,1,0,1,0,0,1,0
29,8472.46,9.464164,1,0,63.49131,5696.037727,29,0,0,0,0,0,1,0,1,0,0,0
18,33482.23,3.836284,0,2,4.527649,1131.268205,18,1,0,0,0,0,0,0,0,0,1,0
21,32849.77,6.618072,0,0,8.66647,1094.644005,21,0,0,0,0,1,0,1,1,1,0,0
45,41911.7,4.76345,2,0,6.749571,1145.946987,45,1,0,0,0,0,0,1,0,1,0,0
76,28372.0,7.005782,2,0,55.77968,4937.315639,76,1,0,1,0,1,0,0,0,1,0,1
28,36414.44,9.749631,0,0,56.37128,5085.716683,28,1,0,0,1,1,0,1,0,1,1,0
73,71134.21,9.067273,0,0,71.89152,6101.379973,73,1,0,1,0,1,0,1,0,1,0,0
59,63841.07,11.5167,1,1,46.68593,4200.226885,59,1,0,0,1,1,0,1,0,0,0,1
70,9437.06,11.11128,0,0,11.63547,1862.789527,70,1,0,1,0,0,0,1,0,0,1,0
36,40437.45,9.928535,2,1,10.61246,1190.056958,36,1,0,0,0,1,0,1,0,0,0,1
67,18269.73,12.14372,0,0,44.40526,3757.452448,67,0,0,0,0,0,1,1,0,1,0,1
80,53461.96,7.629733,1,1,9.074838,1097.005959,80,1,0,1,0,1,0,1,0,1,1,1
70,43579.88,12.00434,2,1,6.830372,1104.049328,70,0,0,0,0,1,0,1,0,1,1,0
60,14646.58,16.47207,1,0,11.5352,1680.552794,60,0,0,1,0,0,0,0,0,0,1,0
22,82714.05,8.231804,1,1,61.88348,6102.523323,22,1,0,1,0,0,0,1,0,0,1,1
59,8897.04,14.39939,1,0,57.41425,4996.095261,59,0,0,1,0,1,0,1,0,0,1,1
22,34128.52,8.102753,1,0,38.01787,3953.160859,22,0,0,0,0,0,0,1,0,1,1,0
83,45244.55,10.30218,1,1,66.75045,5857.937007,83,1,0,0,1,1,0,1,0,0,0,1
76,10589.74,7.892007202,2,0,8.908332009,982.2094626,76,0,0,0,1,1,0,1,1,0,1,0
52,65707.03,12.45803,2,2,68.92748,5899.878533,52,0,0,0,0,1,0,1,1,1,0,0
55,32893.0,5.725661,1,1,71.4869,6006.935704,55,0,0,0,0,1,0,1,0,0,0,1
